0.0,0.0
0.005,-0.08126709642692916
0.01,-0.2025875034250969
0.015,-0.2144965965465324
0.02,-0.2868131600591222
0.025,-0.3645374634246322
0.03,-0.39975727953888834
0.035,-0.5420637493225787
0.04,-0.5984173381353121
0.045,-0.6925643308842073
0.05,-0.7180397332572692
0.055,-0.959609393465917
0.06,-0.9170043271143412
0.065,-0.9858872430238618
0.07,-0.998673091359921
0.075,-1.0027355392490274
0.08,-1.2287491246100413
0.085,-1.2628671230591764
0.09,-1.3767492883219872
0.095,-1.2352229603741973
0.1,-1.251658529155893
0.105,-1.4401056142463713
0.11,-1.5467215723806198
0.115,-1.4883133309574192
0.12,-1.778477371270297
0.125,-1.4705425078651178
0.13,-1.8526279272656596
0.135,-1.9340005322348044
0.14,-2.015763428137803
0.145,-1.8496959342680008
0.15,-1.7277061909199616
0.155,-2.13397932049224
0.16,-2.011374459093837
0.165,-2.036963560268018
0.17,-2.1246692424494396
0.17500000000000002,-2.340316466167507
0.18,-2.3671018046813472
0.185,-2.5628195797591338
0.19,-2.442730600302507
0.195,-2.4175311283638434
0.2,-2.4494866438568517
0.20500000000000002,-2.6550218626652415
0.21,-2.73966322510964
0.215,-2.9307453373899364
0.22,-2.6787962334646633
0.225,-2.5773669061382773
0.23,-2.888249729941954
0.23500000000000001,-2.756958745469205
0.24,-3.2099443306769055
0.245,-2.960138794346393
0.25,-3.092534564650288
0.255,-2.807385534404649
0.26,-3.0836180646639058
0.265,-3.2916723271617228
0.27,-3.3621039349161244
0.275,-3.1432976830983725
0.28,-3.148926490034743
0.28500000000000003,-3.20112586404006
0.29,-3.4675255601596886
0.295,-3.0815175104682018
0.3,-3.3697685037126046
0.305,-3.1487227198403334
0.31,-3.1439645029215018
0.315,-3.2637944030096353
0.32,-3.4298278266638462
0.325,-3.2524822059288914
0.33,-3.2250436740170407
0.335,-3.3613161179424935
0.34,-3.373176443733925
0.34500000000000003,-3.1630681843156006
0.35000000000000003,-3.8134448436108497
0.355,-3.374144076461874
0.36,-3.8570323789666783
0.365,-3.7913237447513763
0.37,-3.28967296232817
0.375,-3.837349324048833
0.38,-3.6921843135203574
0.385,-4.0716439180689585
0.39,-3.573952373568522
0.395,-3.3781989174279614
0.4,-4.254823782075514
0.405,-3.211816679357074
0.41000000000000003,-3.9139758228019774
0.41500000000000004,-4.212021982820769
0.42,-3.900764858981351
0.425,-3.502944772719421
0.43,-4.11443057621733
0.435,-4.015663609108697
0.44,-3.862631619972396
0.445,-3.5339153407689867
0.45,-3.9931132201568493
0.455,-3.8203044212404245
0.46,-3.663454767183445
0.465,-4.303366082612937
0.47000000000000003,-3.93238966231995
0.47500000000000003,-3.740410340961079
0.48,-3.8113449779395325
0.485,-3.4267847281387875
0.49,-3.8832601017730712
0.495,-3.6703060363576268
0.5,-4.440484076053423
0.505,-3.639266541548231
0.51,-4.150958915115873
0.515,-3.761826862129538
0.52,-4.151192712427964
0.525,-3.8634528555985126
0.53,-3.7850389746620494
0.535,-3.87950259354637
0.54,-4.219682625836958
0.545,-3.7890048492240203
0.55,-3.4835679093424345
0.555,-3.6632954511442
0.56,-3.7185275224618852
0.5650000000000001,-3.852633349444767
0.5700000000000001,-3.5782709285803462
0.5750000000000001,-3.807262035201766
0.58,-3.4926211366260134
0.585,-4.1934132572190475
0.59,-4.171050000466666
0.595,-3.962712229967914
0.6,-3.7043165214913514
0.605,-4.133028657414842
0.61,-4.036574133279581
0.615,-3.5262858920176487
0.62,-4.545073320535791
0.625,-3.6042758131792185
0.63,-3.756160374310824
0.635,-3.716941606530861
0.64,-3.8940585720980287
0.645,-3.9067315647336116
0.65,-4.007434516620937
0.655,-3.2376425270813494
0.66,-3.244371146025348
0.665,-3.4896814461789893
0.67,-3.299277134002599
0.675,-3.4772468750036682
0.68,-3.7807343329668393
0.685,-3.0173008108549837
0.6900000000000001,-3.4826408775754025
0.6950000000000001,-3.119245585888582
0.7000000000000001,-3.428989357275836
0.705,-2.8525637976835094
0.71,-3.2222460669924895
0.715,-3.0912270188691506
0.72,-3.2338250196042155
0.725,-3.2881662975626105
0.73,-3.0708457963073807
0.735,-2.8404785972548314
0.74,-2.7955853629797747
0.745,-3.175185724718116
0.75,-2.8688174484936733
0.755,-2.7015139523824456
0.76,-2.7545984022598162
0.765,-2.585526245626676
0.77,-2.7558124094278007
0.775,-2.762995361592281
0.78,-2.926839301542959
0.785,-2.7946589584243893
0.79,-2.6131984244023037
0.795,-2.6430851401425377
0.8,-2.51430947785199
0.805,-2.625088412317835
0.81,-2.539384106000238
0.8150000000000001,-2.3131751884240344
0.8200000000000001,-2.3069734483943214
0.8250000000000001,-2.3613061975337395
0.8300000000000001,-2.271225445881499
0.835,-1.843977934075353
0.84,-2.1093410549329037
0.845,-1.830544726293424
0.85,-1.8899216955827791
0.855,-1.7848867852911947
0.86,-1.755779434953039
0.865,-1.919508739620801
0.87,-1.906875349447187
0.875,-2.0111936577238922
0.88,-1.7617941930742194
0.885,-1.3766129170860069
0.89,-1.3751578393302544
0.895,-1.384662796973982
0.9,-1.448336033640865
0.905,-1.526771875225866
0.91,-1.2354121834548912
0.915,-1.2120845382072165
0.92,-1.2277294733539
0.925,-1.1052616896865142
0.93,-0.9684248306486104
0.935,-1.051914544007088
0.9400000000000001,-0.9049467197711805
0.9450000000000001,-0.8176529856912558
0.9500000000000001,-0.6900345915673538
0.9550000000000001,-0.6758336859615784
0.96,-0.6625928599826119
0.965,-0.5926825724701389
0.97,-0.4693519685429481
0.975,-0.3969792813598167
0.98,-0.30608733811415073
0.985,-0.2485604367519057
0.99,-0.14182576541972827
0.995,-0.08719886966672452
1.0,0.0
