0.0,0.0
0.005,-0.05599399859826887
0.01,-0.13543298914901966
0.015,-0.19109509343592995
0.02,-0.23865788850733682
0.025,-0.3131171977140372
0.03,-0.3751898293403425
0.035,-0.4433418491227259
0.04,-0.5297218470898691
0.045,-0.6085429925997397
0.05,-0.6024849606262314
0.055,-0.7307748982099006
0.06,-0.8510249335892001
0.065,-0.8667511641568233
0.07,-0.7828343385506477
0.075,-0.8999941053523555
0.08,-1.0973075542351276
0.085,-1.098346789250191
0.09,-1.1182719709680293
0.095,-0.9847349239428624
0.1,-1.1897071658963638
0.105,-1.265597656771896
0.11,-1.2778263158983971
0.115,-1.2616100372305976
0.12,-1.5222975932515732
0.125,-1.3645633983432708
0.13,-1.3952672141666813
0.135,-1.726010882431172
0.14,-1.7412334513202359
0.145,-1.6951296536797595
0.15,-1.6398130226066987
0.155,-1.8112667350473244
0.16,-1.658232480764883
0.165,-1.7879449745143163
0.17,-1.858329343432229
0.17500000000000002,-2.0015921224916635
0.18,-2.076149791001131
0.185,-1.7979943663405775
0.19,-2.180370583361512
0.195,-2.144709721614714
0.2,-2.0549746540301546
0.20500000000000002,-2.2465812851491282
0.21,-2.267955948176364
0.215,-2.1943603042231272
0.22,-2.1576002455784278
0.225,-2.205640177116065
0.23,-2.38037807381503
0.23500000000000001,-2.241837956942063
0.24,-2.283192615349647
0.245,-2.461365529341698
0.25,-2.555333799596629
0.255,-2.5338769134501757
0.26,-2.6879486419669845
0.265,-2.784498785299355
0.27,-2.7639808281401113
0.275,-2.822878121472686
0.28,-2.718926356271098
0.28500000000000003,-2.9131731689368467
0.29,-3.0369737295350148
0.295,-2.935687049862891
0.3,-2.8503485535771778
0.305,-2.7114918615105226
0.31,-2.739635930759578
0.315,-2.9484590118548426
0.32,-2.7914956488355465
0.325,-2.857933713220632
0.33,-2.790438776955988
0.335,-3.007062225175993
0.34,-2.760458780852661
0.34500000000000003,-2.8735680985477248
0.35000000000000003,-3.401506423772441
0.355,-2.7735090200489814
0.36,-3.0851312015828958
0.365,-3.3281377824064395
0.37,-2.996965895385436
0.375,-3.3253603035362818
0.38,-3.321562187670222
0.385,-3.2273006337940813
0.39,-3.2290821431256247
0.395,-3.1841060802783288
0.4,-3.0834596018443112
0.405,-2.739624208748505
0.41000000000000003,-3.2393756532252502
0.41500000000000004,-3.402240500821283
0.42,-3.4364978338614294
0.425,-3.215805442168825
0.43,-3.3441941759107783
0.435,-3.53225506315737
0.44,-3.718140935891736
0.445,-3.089129314852248
0.45,-3.6686475991787826
0.455,-3.422482289415707
0.46,-3.1618921297709095
0.465,-3.0293431070870938
0.47000000000000003,-3.447248139851326
0.47500000000000003,-3.4686330378536248
0.48,-3.453421128524208
0.485,-3.061054291678251
0.49,-3.179847532234341
0.495,-3.5923223275992444
0.5,-3.5317345631444246
0.505,-3.372487948194675
0.51,-3.079134146865064
0.515,-3.444377952414142
0.52,-3.626550241296063
0.525,-3.292907230973488
0.53,-3.5994704055986086
0.535,-2.8997987369571634
0.54,-3.1699817898158114
0.545,-3.6758854448240754
0.55,-3.240467814587476
0.555,-3.2866093749983776
0.56,-3.321003288911584
0.5650000000000001,-3.1350100478672136
0.5700000000000001,-3.2951460027252173
0.5750000000000001,-3.233364220320108
0.58,-3.043936914835981
0.585,-3.4221602102879554
0.59,-3.212753384066166
0.595,-3.3121984232966892
0.6,-3.463627279428874
0.605,-3.467121734186328
0.61,-3.257041089064942
0.615,-2.917955313182048
0.62,-3.4429526751538213
0.625,-3.0738642994054928
0.63,-2.8825954909228595
0.635,-3.2631181921327506
0.64,-3.209970708452294
0.645,-3.0696157309390975
0.65,-3.2711179307902776
0.655,-3.178888806900046
0.66,-2.6184422113889716
0.665,-2.852822658218858
0.67,-2.905037747718433
0.675,-2.836123693110307
0.68,-2.9584189352434946
0.685,-2.806653963037529
0.6900000000000001,-3.0065748920322983
0.6950000000000001,-2.702612023105508
0.7000000000000001,-3.1151996121676766
0.705,-2.5863337369045905
0.71,-2.892790797081677
0.715,-2.813512401867231
0.72,-2.6271055550888835
0.725,-2.85539048894635
0.73,-2.379328636833547
0.735,-2.3874598367395037
0.74,-2.5180539142330027
0.745,-2.507278235051573
0.75,-2.511248967252914
0.755,-2.3510887267359233
0.76,-2.350849857542289
0.765,-2.381621659159908
0.77,-2.4445384583937333
0.775,-2.55174254154193
0.78,-2.120838002724263
0.785,-2.334729727795704
0.79,-2.2666612959082433
0.795,-2.1805636235575165
0.8,-2.1628064376609015
0.805,-2.153812646904148
0.81,-2.335271912012634
0.8150000000000001,-2.0711633690275324
0.8200000000000001,-1.7776615264119928
0.8250000000000001,-2.007947159352729
0.8300000000000001,-1.7658132828526412
0.835,-1.6435216870788312
0.84,-1.8252390914811312
0.845,-1.6180737801892269
0.85,-1.6445860145497257
0.855,-1.5578880180343078
0.86,-1.666156445603281
0.865,-1.500914146739812
0.87,-1.7168134037628837
0.875,-1.4369275001133792
0.88,-1.3664013692962023
0.885,-1.274847521591411
0.89,-1.3373132128566965
0.895,-1.2061529994715192
0.9,-1.2699792140824895
0.905,-1.0647898406695364
0.91,-1.02407156534749
0.915,-0.9547957717608218
0.92,-1.1156239045161276
0.925,-0.8377140544936681
0.93,-0.9016026280176468
0.935,-0.8479142097674972
0.9400000000000001,-0.75874932035222
0.9450000000000001,-0.655345044124725
0.9500000000000001,-0.585385883232846
0.9550000000000001,-0.6060558991073635
0.96,-0.5158566681146327
0.965,-0.5171924758745585
0.97,-0.424738678721127
0.975,-0.3527467207455295
0.98,-0.28871904441580304
0.985,-0.19343071389130875
0.99,-0.12220505758892294
0.995,-0.06982204090343241
1.0,0.0
