0.0,0.0
0.005,-0.0006533613045942542
0.01,-0.009451826464400973
0.015,0.029358078251799192
0.02,0.008185428839009126
0.025,0.016025208341819242
0.03,0.008066991094290002
0.035,0.03628235745256667
0.04,0.05512030686919778
0.045,0.014044482431023896
0.05,0.0020431030250731386
0.055,0.004913645787410991
0.06,0.06481645936617628
0.065,0.06467471553957892
0.07,0.1483646922269427
0.075,0.03567405684054393
0.08,0.025646908187670302
0.085,0.11132135692501241
0.09,0.13523664627682433
0.095,-0.009122231106468497
0.1,-0.08546613056771736
0.105,0.11920742533853633
0.11,0.19370030830709986
0.115,-0.06428264470581704
0.12,0.14251319415734814
0.125,0.10417499115134589
0.13,0.13599694853997496
0.135,0.062145886007158216
0.14,0.03479114220725331
0.145,-0.084886306893679
0.15,-0.015262046575212502
0.155,0.034112625536738474
0.16,0.14232536745016333
0.165,0.16728210218888928
0.17,0.2001049488569889
0.17500000000000002,0.07174329998025276
0.18,0.2670309210739332
0.185,0.302819860827768
0.19,0.015631748491124864
0.195,0.2795677331366953
0.2,0.07755793426569468
0.20500000000000002,0.08311669462423331
0.21,0.18188480838321555
0.215,0.054015633176220296
0.22,-0.0509057792510996
0.225,0.4129855195668284
0.23,0.005114520443928891
0.23500000000000001,0.21919779292227262
0.24,0.19928270217815464
0.245,0.09601507956149306
0.25,0.29970862218505245
0.255,0.14153305639630148
0.26,-0.012246478529112627
0.265,0.17947386526099943
0.27,0.1575971927296583
0.275,0.06328472817694124
0.28,0.2487370308928833
0.28500000000000003,0.15268805198421126
0.29,0.17003908210455548
0.295,0.1299236316627989
0.3,0.07293946469419695
0.305,0.29554802743174435
0.31,0.24194608852580676
0.315,0.2663084145319984
0.32,0.1232065897550117
0.325,0.256496102147122
0.33,0.458191258542299
0.335,0.15049654101043797
0.34,0.09338796490251804
0.34500000000000003,0.45593202063195226
0.35000000000000003,0.22055103479941102
0.355,0.13496685982980675
0.36,0.38445009766279814
0.365,-0.006073193252231633
0.37,0.1397691090388815
0.375,-0.17374065282732612
0.38,0.13591192608390743
0.385,-0.19795273806279695
0.39,0.18673456753588608
0.395,0.11262741989108138
0.4,0.27710956880689747
0.405,0.2905987990927693
0.41000000000000003,-0.006432536335852912
0.41500000000000004,0.06758117372344839
0.42,0.24474782796895583
0.425,0.3381214869583669
0.43,-0.29162579805271827
0.435,-0.12086717537716535
0.44,0.33710116727922235
0.445,0.46208245349516924
0.45,0.2477921650350289
0.455,0.048349276926860495
0.46,0.3384667171646009
0.465,0.23480750340025802
0.47000000000000003,0.14509970786898416
0.47500000000000003,0.19958098088935186
0.48,0.5365192759431373
0.485,0.22782762018349892
0.49,0.2523659198954593
0.495,0.1108925916611579
0.5,0.2298401203261804
0.505,0.09466604246626208
0.51,0.3428013474938624
0.515,0.32635302789302967
0.52,0.15239336589733005
0.525,0.11589091753377827
0.53,0.1624238494224588
0.535,0.273757736761054
0.54,-0.03245874868269878
0.545,-0.2171413347767974
0.55,-0.017902807612467292
0.555,0.18229930321064064
0.56,0.5403661874188658
0.5650000000000001,-0.24843144845584117
0.5700000000000001,0.060965581874621484
0.5750000000000001,0.11781095209144296
0.58,0.3544112576736297
0.585,0.2401967629092379
0.59,0.16960230037390472
0.595,0.592447568490375
0.6,0.4728863307941708
0.605,-0.10702744378515266
0.61,0.5188047980278488
0.615,0.15150333788439405
0.62,0.08428561163877399
0.625,0.09056650900358429
0.63,0.5321647042691655
0.635,0.29340473491371866
0.64,0.17694322897128328
0.645,-0.16767930294911945
0.65,0.05684404876675639
0.655,0.2135487731136993
0.66,0.24318481084470717
0.665,0.04845939109079561
0.67,0.24723148265745074
0.675,-0.05137619299469647
0.68,0.3874256263731985
0.685,0.26175395217576064
0.6900000000000001,0.04824801425062565
0.6950000000000001,0.11320661616747626
0.7000000000000001,0.22632603576474403
0.705,0.22806684215633966
0.71,0.1225287911587797
0.715,0.10415598155252731
0.72,-0.12091134531021601
0.725,0.28806519567522715
0.73,0.18592284122042935
0.735,0.23099207350640766
0.74,0.37578615127334764
0.745,0.20827300037649724
0.75,0.2905406105295168
0.755,0.20112876447966985
0.76,0.2600524151920419
0.765,0.4902955287732514
0.77,0.3360121218560468
0.775,0.15137358373556553
0.78,0.2191486938231014
0.785,0.26465223987198394
0.79,0.09916337549387504
0.795,0.1919467567349216
0.8,0.09607210877023714
0.805,0.007620881056286293
0.81,-0.009640555959741906
0.8150000000000001,-0.057016434260786154
0.8200000000000001,0.07397077139857157
0.8250000000000001,0.29437914853632297
0.8300000000000001,-0.030712166586900354
0.835,0.16157701721140366
0.84,0.05205783589499532
0.845,0.045961362780371606
0.85,0.17612434785130843
0.855,0.02718666059293769
0.86,0.028550731488574066
0.865,0.05620409499960759
0.87,-0.03540654096927787
0.875,0.032021471917666015
0.88,0.11460191445235127
0.885,0.0022331163492507722
0.89,-0.01008550889992086
0.895,0.06952958852599782
0.9,-0.03317209915350749
0.905,-0.03629383684030453
0.91,-1.9282021236494577e-05
0.915,0.07780111839255283
0.92,-0.046009977369445273
0.925,-0.04209128277188869
0.93,0.021089386195684283
0.935,-0.023761967261788367
0.9400000000000001,0.08116231917760411
0.9450000000000001,0.0909360179941183
0.9500000000000001,0.055229865349612876
0.9550000000000001,0.020646267856270373
0.96,0.03828420688118534
0.965,-0.021573274997757106
0.97,0.027245660764079548
0.975,0.025990634382234857
0.98,0.029610986943774176
0.985,0.027142628758867575
0.99,0.001843422918425162
0.995,0.00421469268548748
1.0,0.0
