0.0,0.0
0.005,0.005655964939183727
0.01,0.0031992289468431375
0.015,0.04060609300045037
0.02,0.02604339924641735
0.025,0.0685307025912879
0.03,0.0694385035188782
0.035,0.09663250557260467
0.04,0.06991134028374182
0.045,0.08391693159773107
0.05,0.07318950062615495
0.055,0.07344868390445147
0.06,0.18428251935299994
0.065,0.1704913507878023
0.07,0.21591457319274837
0.075,0.1995312430242895
0.08,0.10098700704530222
0.085,0.18551210793926384
0.09,0.22469915426548792
0.095,0.1945617186539746
0.1,0.13082106977851105
0.105,0.22162947989241408
0.11,0.2501947332049534
0.115,0.07756910469071925
0.12,0.22953604534876326
0.125,0.13584236208660824
0.13,0.25392291777885584
0.135,0.24730107287558592
0.14,0.31602976148995665
0.145,0.1134011030212064
0.15,0.13196964785484638
0.155,0.2475824256998224
0.16,0.2678403726407559
0.165,0.34068041823040596
0.17,0.3981999299761006
0.17500000000000002,0.23797393723497134
0.18,0.4288540147639308
0.185,0.4841222534543699
0.19,0.252069016014812
0.195,0.4887000256921828
0.2,0.5012715912499993
0.20500000000000002,0.4602294230736884
0.21,0.47549029541759374
0.215,0.3844525903881162
0.22,0.15617771124217802
0.225,0.6210794271634584
0.23,0.11929783768258907
0.23500000000000001,0.5280933734195666
0.24,0.4595974397072576
0.245,0.3146723254666208
0.25,0.5148114862020077
0.255,0.4894610500679792
0.26,0.15189431671494544
0.265,0.3674174476990701
0.27,0.3396763296142502
0.275,0.3371832079720312
0.28,0.5315715888335684
0.28500000000000003,0.44102680971970415
0.29,0.35862995400671355
0.295,0.23504381506411048
0.3,0.6177337961360422
0.305,0.615339704051242
0.31,0.5537108858819403
0.315,0.44428285269714773
0.32,0.4245354709793742
0.325,0.4920028788371697
0.33,0.5219399581771363
0.335,0.389957632518076
0.34,0.3431960754625683
0.34500000000000003,0.6500006635271973
0.35000000000000003,0.468782472198649
0.355,0.660355241159397
0.36,0.7371604875974485
0.365,0.14160908772447917
0.37,0.6535489588756825
0.375,0.11743743739547259
0.38,0.46388710545032796
0.385,0.16750217482947746
0.39,0.4479317045381833
0.395,0.5429348141267889
0.4,0.4852259609694423
0.405,0.571040909519231
0.41000000000000003,0.5283634697288868
0.41500000000000004,0.4773487711263326
0.42,0.345411072667978
0.425,0.7565107962903106
0.43,0.31926458838533267
0.435,0.3984591829365427
0.44,0.6531651703639253
0.445,0.6999163688247068
0.45,0.47850377818609785
0.455,0.4169768083848224
0.46,0.7567466101773339
0.465,0.5593861705441139
0.47000000000000003,0.31926906344730693
0.47500000000000003,0.7037418675998958
0.48,0.7460537174309637
0.485,0.7260933091375812
0.49,0.5886095192156191
0.495,0.5760978095123974
0.5,0.48906254510117086
0.505,0.5371267106712437
0.51,0.5642337206104375
0.515,0.4418258225296876
0.52,0.3730469209141267
0.525,0.5061925175861243
0.53,0.4106622197126116
0.535,0.5970085711152419
0.54,0.37531020993951625
0.545,0.46420897897240015
0.55,0.5358292391418983
0.555,0.6148571164889147
0.56,0.7427978878819033
0.5650000000000001,0.06610837915741549
0.5700000000000001,0.6390483766496039
0.5750000000000001,0.5427380221712846
0.58,0.5264736462769831
0.585,0.32375036849376054
0.59,0.8535763171073164
0.595,0.7366905418844525
0.6,0.6577064050941163
0.605,0.24605068585021686
0.61,0.7443019578392579
0.615,0.35173911791063056
0.62,0.5454341739337389
0.625,0.3779258518625647
0.63,0.6163380561709765
0.635,0.7431706986985882
0.64,0.6172287038266738
0.645,-0.03083387988580307
0.65,0.4167490307589323
0.655,0.4461452837155153
0.66,0.714908409726943
0.665,0.23706949098378569
0.67,0.5270676859590328
0.675,0.6403089125125924
0.68,0.5192935675315038
0.685,0.42801840171096367
0.6900000000000001,0.5030662029591937
0.6950000000000001,0.5726228627748711
0.7000000000000001,0.32779609093722045
0.705,0.443876298399338
0.71,0.42141930553422696
0.715,0.4191613358471999
0.72,0.3291276636719444
0.725,0.45649642624822
0.73,0.5354955543192318
0.735,0.37739767639649985
0.74,0.5531531189923105
0.745,0.2835433606840692
0.75,0.5939226226174418
0.755,0.46809497433798253
0.76,0.579462404714433
0.765,0.5579366205725372
0.77,0.5131706159403596
0.775,0.3056627288356528
0.78,0.538106004436355
0.785,0.48516508488678617
0.79,0.3964161205508855
0.795,0.3056556143426503
0.8,0.2783935365805112
0.805,0.284828902879279
0.81,0.15318816986117514
0.8150000000000001,0.33882256067302924
0.8200000000000001,0.4327554523929246
0.8250000000000001,0.5724680285889228
0.8300000000000001,0.18755022902712304
0.835,0.37471619053345884
0.84,0.13633877784160395
0.845,0.08800680971884998
0.85,0.29359239315341346
0.855,0.2948412361342057
0.86,0.2297751271109622
0.865,0.26135649776263203
0.87,0.1531853533443337
0.875,0.09768114323561708
0.88,0.2759482185770129
0.885,0.2235935524916927
0.89,0.13537602123412473
0.895,0.2578855883451883
0.9,0.19479266233531525
0.905,0.0785568936520837
0.91,0.19159350317577742
0.915,0.24207607541655163
0.92,0.07282135064482682
0.925,0.16913430125286838
0.93,0.11178069622106371
0.935,0.09895622575650527
0.9400000000000001,0.16914815606425637
0.9450000000000001,0.11407780452350348
0.9500000000000001,0.12236660325621687
0.9550000000000001,0.09393395576193643
0.96,0.09605210687386515
0.965,0.04375050447411717
0.97,0.05881267316588588
0.975,0.037444438912262415
0.98,0.045981295369643765
0.985,0.04475574864221564
0.99,0.009158097930815946
0.995,0.007246862300846272
1.0,0.0
