0.0,0.0
0.005,0.014006576399642832
0.01,0.025390647317743386
0.015,0.062305342430346376
0.02,0.0621097243516051
0.025,0.1055022302930102
0.03,0.09338377002848547
0.035,0.1250019596849775
0.04,0.16041924544914657
0.045,0.13275443665013437
0.05,0.17236611465725893
0.055,0.16540023982438057
0.06,0.2601385104798814
0.065,0.2811353490648096
0.07,0.28707591960668977
0.075,0.32305156820610426
0.08,0.21273002452477394
0.085,0.21117674173492174
0.09,0.3012416643247884
0.095,0.23295282041455934
0.1,0.24804104620421039
0.105,0.34119986561423177
0.11,0.3467616173440188
0.115,0.3393117408394443
0.12,0.30661712082438675
0.125,0.49474948585725204
0.13,0.43950127298028524
0.135,0.4731812900727273
0.14,0.5300572540852182
0.145,0.30563984905212777
0.15,0.47161858155395553
0.155,0.30684996798201397
0.16,0.5147489967542644
0.165,0.5259078234977932
0.17,0.6526050079538551
0.17500000000000002,0.35966652827623935
0.18,0.5376871548647357
0.185,0.6295060746858284
0.19,0.5047775598541464
0.195,0.6203142366652376
0.2,0.6866059706759888
0.20500000000000002,0.8172881717103146
0.21,0.6596688020050501
0.215,0.6747394507727723
0.22,0.35971766165527835
0.225,0.6991029161311186
0.23,0.37901887042640464
0.23500000000000001,0.6649272141981921
0.24,0.7095137425277712
0.245,0.6277077565298381
0.25,0.7246546119471415
0.255,0.8352610842891791
0.26,0.869363135355401
0.265,0.7085060266000639
0.27,0.6160071141431718
0.275,0.6520679510449685
0.28,0.7534850339472202
0.28500000000000003,0.6394546292171294
0.29,0.9002525146281747
0.295,0.6735382182545286
0.3,0.9735114896631418
0.305,0.8488821641240667
0.31,0.8059097807246207
0.315,0.895417560893323
0.32,0.6790239455309186
0.325,0.6682905569164602
0.33,0.6776033952679565
0.335,0.929913334222757
0.34,0.6614849693108936
0.34500000000000003,0.7961275404624638
0.35000000000000003,0.8418374992663336
0.355,1.0266950548837444
0.36,1.1474541955223858
0.365,0.9500577749962004
0.37,0.8784324184680615
0.375,0.6449516298904271
0.38,0.94247114251106
0.385,0.506308720567693
0.39,0.8142125175634073
0.395,0.8410133004973769
0.4,0.8424331872509943
0.405,1.010818730266804
0.41000000000000003,0.7290763992652941
0.41500000000000004,0.7618496864317758
0.42,0.7447542061432019
0.425,0.9600433236206317
0.43,0.5980769558196868
0.435,0.7645520273564455
0.44,0.8052268035816448
0.445,0.8845395753264576
0.45,0.7596427718303278
0.455,0.690585502571171
0.46,0.9288942150642733
0.465,0.810386063571459
0.47000000000000003,1.1363484959755756
0.47500000000000003,0.875957776741929
0.48,0.9451627751314196
0.485,0.9184854377721331
0.49,0.993317488725096
0.495,1.028051134699555
0.5,1.0112599531214932
0.505,0.821390403494886
0.51,0.6718041661929353
0.515,0.7889143135288756
0.52,0.7269587979579082
0.525,0.8940030975705668
0.53,0.5625871785124664
0.535,0.893778636160178
0.54,0.9388959274344222
0.545,0.6131829809017157
0.55,0.8143689309861856
0.555,0.891242661635614
0.56,0.853901691498254
0.5650000000000001,0.7061525275383115
0.5700000000000001,0.8199704864333938
0.5750000000000001,0.8521773481758935
0.58,0.9744295168905572
0.585,0.8149896463688411
0.59,1.0038536580983417
0.595,0.907593926596866
0.6,0.7845470007176875
0.605,0.6233407112010403
0.61,0.908005597409541
0.615,0.9468996572077767
0.62,0.73330675573082
0.625,0.5763754499853547
0.63,1.0345326915522004
0.635,1.0180530481538592
0.64,0.9400109925409792
0.645,0.6252931504307626
0.65,0.5993499511617292
0.655,0.925744715116526
0.66,1.0454741925136994
0.665,0.5749659030574428
0.67,0.850390051579455
0.675,0.8028305860339022
0.68,0.9624169249932512
0.685,0.7485367699563619
0.6900000000000001,0.6594020847714567
0.6950000000000001,0.7312803186967327
0.7000000000000001,0.7601654049103082
0.705,0.6943112997539966
0.71,0.7383414839884721
0.715,0.6416471367303469
0.72,0.6805537756248571
0.725,0.9267424615391994
0.73,0.6945975764975328
0.735,0.7152703668614282
0.74,0.8350172860452247
0.745,0.6846968860004715
0.75,0.8458298333065418
0.755,0.6944285550661745
0.76,0.8579153369077825
0.765,0.7406703682063126
0.77,0.7902857225874994
0.775,0.6431782361828318
0.78,0.7784445394564281
0.785,0.6751524677405979
0.79,0.5706464973515916
0.795,0.3876733139912964
0.8,0.422489637618627
0.805,0.5468614207858489
0.81,0.4858882928833093
0.8150000000000001,0.48245880798072677
0.8200000000000001,0.5192921784850822
0.8250000000000001,0.7332935168321589
0.8300000000000001,0.400179075459509
0.835,0.5106132389907678
0.84,0.4312758069690177
0.845,0.45709148241251907
0.85,0.49663142891784123
0.855,0.5032834998538724
0.86,0.3468927180037109
0.865,0.3505977521030838
0.87,0.2729069261585401
0.875,0.2640766637884315
0.88,0.3861644451720762
0.885,0.35146511193035296
0.89,0.31050757189929745
0.895,0.3178829973178603
0.9,0.3030031818529118
0.905,0.3091261918573022
0.91,0.3486486372632591
0.915,0.3284305389446627
0.92,0.20411716082053755
0.925,0.2366261061023824
0.93,0.24505670359731385
0.935,0.17868338460929797
0.9400000000000001,0.23400407721224362
0.9450000000000001,0.1595620668809421
0.9500000000000001,0.19451823693409095
0.9550000000000001,0.14485865796190697
0.96,0.15041132785213898
0.965,0.12664876430324443
0.97,0.12778452571105847
0.975,0.07431068304508706
0.98,0.06830065965646002
0.985,0.04968232572172333
0.99,0.01945558906180837
0.995,0.015505685502301025
1.0,0.0
