0.0,0.0
0.005,0.022196703455820234
0.01,0.04419325164297192
0.015,0.09578971577224521
0.02,0.10146854262428713
0.025,0.13494700937069246
0.03,0.15924824295912124
0.035,0.171501543445289
0.04,0.20391277253545992
0.045,0.19286878679294323
0.05,0.2291436679692671
0.055,0.2412389646982836
0.06,0.33448474856682386
0.065,0.3565957501202859
0.07,0.41837053347379133
0.075,0.36979854169190285
0.08,0.32333495047979943
0.085,0.35550943174305066
0.09,0.37009910619963265
0.095,0.4442459374923528
0.1,0.4039146640882187
0.105,0.41071259131550164
0.11,0.5307548291963162
0.115,0.5284633436052278
0.12,0.4779704804841887
0.125,0.6364720278584964
0.13,0.628120873889292
0.135,0.5837644013949725
0.14,0.6154763275647175
0.145,0.6610316593474892
0.15,0.6353293939860432
0.155,0.4383562338628895
0.16,0.7247186705870845
0.165,0.6680171592182296
0.17,0.7008913416536069
0.17500000000000002,0.538703840852955
0.18,0.8431986684378359
0.185,0.8229736550665148
0.19,0.8146186320636578
0.195,0.8633912329908955
0.2,0.9534644683526537
0.20500000000000002,0.9094379738430801
0.21,0.8831577427408566
0.215,0.992608040033689
0.22,0.6679906624486167
0.225,0.7997893668386941
0.23,0.503507796218754
0.23500000000000001,0.9775630948437393
0.24,0.870682867444095
0.245,0.9009889382121592
0.25,1.0028323617161299
0.255,0.8730352904593301
0.26,1.1204815141310267
0.265,0.9005380957261119
0.27,1.011541995082729
0.275,0.9673733230050369
0.28,0.9522230940544065
0.28500000000000003,0.7208074231726034
0.29,1.1216641249942576
0.295,0.8709446887777046
0.3,1.4249550928130865
0.305,1.0060508266408181
0.31,1.0071928156584815
0.315,1.0316043929287027
0.32,1.0198903588057475
0.325,0.888901880096002
0.33,1.2452357681237338
0.335,1.0246323282602061
0.34,0.707381206650805
0.34500000000000003,1.2690237442599814
0.35000000000000003,1.054138555578007
0.355,1.3020729045717239
0.36,1.4827624591959139
0.365,1.1333916701671016
0.37,1.218759509060394
0.375,1.056348417188494
0.38,1.2603375186762054
0.385,0.9036907727911494
0.39,1.078866139701862
0.395,1.1413041939600754
0.4,1.3386822329103072
0.405,1.3234973411923154
0.41000000000000003,1.201547266088466
0.41500000000000004,1.1362475226076496
0.42,1.3609740829838126
0.425,1.517365418634701
0.43,1.0749071842635656
0.435,1.3102438451482283
0.44,1.1494693424795912
0.445,1.3348202254509318
0.45,1.0825420420575118
0.455,1.2858672902961343
0.46,1.2441468795267638
0.465,1.2039815740728625
0.47000000000000003,1.2251062799581123
0.47500000000000003,1.292609663251478
0.48,1.1627286085580513
0.485,1.0707443687353122
0.49,1.4646313955184118
0.495,1.6037498841506121
0.5,1.2288043431696225
0.505,1.4615085428820196
0.51,1.2319198084827307
0.515,1.107243884982329
0.52,1.2142434991926083
0.525,1.30312074908006
0.53,1.1008559511949656
0.535,1.2998924993806376
0.54,1.1058351451015453
0.545,0.8524012401678808
0.55,1.1393792713862043
0.555,1.4570679393234311
0.56,1.156267449457718
0.5650000000000001,1.188622679217332
0.5700000000000001,1.3552646978635958
0.5750000000000001,1.36435220109845
0.58,1.2578668530523622
0.585,1.1982144024231018
0.59,1.3505810096846096
0.595,1.5289579881459918
0.6,1.2014049509366977
0.605,0.9745395788766821
0.61,1.3285652939782258
0.615,1.3367688503135366
0.62,1.1514206484590546
0.625,0.8381563121886969
0.63,1.4465851729041845
0.635,1.2706112592470513
0.64,1.2694581466718375
0.645,0.8966440951803542
0.65,1.0889008346256266
0.655,1.2448952564665174
0.66,1.3511145424046769
0.665,1.0035447004830085
0.67,1.31870536430083
0.675,0.9193980142044903
0.68,1.1771365176587754
0.685,0.8804347479513325
0.6900000000000001,1.3305522744892648
0.6950000000000001,1.0212340790116756
0.7000000000000001,1.0042857060971626
0.705,0.7961699392100869
0.71,0.891404197437793
0.715,0.9103485197841862
0.72,1.0502021946016857
0.725,1.1078789352253398
0.73,1.3968960411499893
0.735,1.1412478765023788
0.74,1.247430698806919
0.745,0.972177412180538
0.75,1.1783429628754405
0.755,1.0550750764356431
0.76,1.032401458212545
0.765,0.9634199752566387
0.77,1.0392885801949479
0.775,0.8654075789092898
0.78,1.0117484305052205
0.785,1.0166610551109094
0.79,0.9414504832014031
0.795,0.8667742018258068
0.8,0.7112196829271269
0.805,0.7618835302881739
0.81,0.6616720353846153
0.8150000000000001,0.8303038379464058
0.8200000000000001,0.602213323509011
0.8250000000000001,0.9025092458288425
0.8300000000000001,0.6238962720483618
0.835,0.7475157153124412
0.84,0.5534254058796461
0.845,0.6668352452079913
0.85,0.5698402464916679
0.855,0.6128606354233785
0.86,0.5242988900468036
0.865,0.4776242455970256
0.87,0.4738804139626723
0.875,0.3997334976650738
0.88,0.622025858464898
0.885,0.5900090444184246
0.89,0.5794299234058355
0.895,0.43159979576093616
0.9,0.4117504571111358
0.905,0.44234370314158294
0.91,0.4503204530943021
0.915,0.4718773373695157
0.92,0.27969977821380715
0.925,0.3791881075190837
0.93,0.33331163186622864
0.935,0.2817856756984703
0.9400000000000001,0.2949445448368894
0.9450000000000001,0.29315822271748604
0.9500000000000001,0.2922047191692491
0.9550000000000001,0.18040018556785245
0.96,0.1682088910298321
0.965,0.17832047267400172
0.97,0.13763525803445006
0.975,0.12449462019154237
0.98,0.07184254160902104
0.985,0.07437463277060029
0.99,0.039593596320118114
0.995,0.023762226763128183
1.0,0.0
