0.0,0.0
0.005,0.02773827283180786
0.01,0.06279870714120693
0.015,0.11475201290367042
0.02,0.12126593626924924
0.025,0.16003944180106575
0.03,0.180628084197416
0.035,0.21207615366676164
0.04,0.30799702227744585
0.045,0.25329717781115896
0.05,0.25862998913642016
0.055,0.2657971508133458
0.06,0.42581517161830984
0.065,0.4426808741936094
0.07,0.45788956605656855
0.075,0.4210131458736594
0.08,0.41340885842672703
0.085,0.3967476864029888
0.09,0.5554751833042261
0.095,0.5513821008530427
0.1,0.5390953676818255
0.105,0.5787208281532549
0.11,0.6816621410639593
0.115,0.6671243749232575
0.12,0.5662961963545811
0.125,0.7996776704101475
0.13,0.6979278886096124
0.135,0.7219620022534516
0.14,0.7898828766928268
0.145,0.804961418748896
0.15,0.8207456883522981
0.155,0.6575116321992167
0.16,0.8556760156663927
0.165,1.047026645105508
0.17,0.9426455416173607
0.17500000000000002,0.9988226525247513
0.18,1.0128986051016229
0.185,1.0732874803716155
0.19,1.1294894938409576
0.195,1.1967903215640536
0.2,1.1329790213299888
0.20500000000000002,1.2023849774193192
0.21,1.2922625636146303
0.215,1.123608488150398
0.22,0.8705523535362535
0.225,1.1190802924028087
0.23,0.8568199133148877
0.23500000000000001,1.2350062988328105
0.24,1.097031451292828
0.245,0.9835873213534819
0.25,1.282721855085488
0.255,1.3584533137198795
0.26,1.4037788410105314
0.265,1.2157605182977684
0.27,1.2192107574991167
0.275,1.3094591770701114
0.28,1.4263880027960731
0.28500000000000003,1.4084713049791668
0.29,1.4892072206698146
0.295,1.2995070971491718
0.3,1.512972155117873
0.305,1.396767729452957
0.31,1.5148255886859205
0.315,1.7180899075989056
0.32,1.3046238924924836
0.325,1.3007132141969957
0.33,1.74837073755953
0.335,1.3852117558806092
0.34,1.071078190569323
0.34500000000000003,1.5256183096765277
0.35000000000000003,1.4838649084096462
0.355,1.5920561021196846
0.36,1.6630576890686088
0.365,1.45419465473964
0.37,1.492248295238005
0.375,1.323391788651714
0.38,1.5159690696905739
0.385,1.457743875018719
0.39,1.2959697509815409
0.395,1.4354628593988081
0.4,1.6815556898822637
0.405,1.5905608096553665
0.41000000000000003,1.5453513829522298
0.41500000000000004,1.548210414931991
0.42,1.766821373183066
0.425,1.8411484717345414
0.43,1.470676764082105
0.435,1.4508658297441361
0.44,1.5507641341712923
0.445,1.5426697300510428
0.45,1.5055687620120994
0.455,1.6290548298674483
0.46,1.663420452803776
0.465,1.3595298523466264
0.47000000000000003,1.5037096853970473
0.47500000000000003,1.564495636204774
0.48,1.7762657581766912
0.485,1.772679133500812
0.49,1.5971187914427198
0.495,1.674862708082178
0.5,1.7112525317203184
0.505,1.6090380819463777
0.51,1.9259183783801868
0.515,1.6329484900110303
0.52,1.6128482130742394
0.525,1.4620078678706863
0.53,1.7797993612044043
0.535,1.4352207126002703
0.54,1.5366957325653203
0.545,1.2280986740978421
0.55,1.6541637066048338
0.555,1.548182198337983
0.56,1.7341332821436932
0.5650000000000001,1.6246986485657355
0.5700000000000001,1.879246291561066
0.5750000000000001,1.6986042703498552
0.58,1.8414892870312958
0.585,1.5459531465477474
0.59,1.4801036878655265
0.595,1.9287731772989611
0.6,1.5807251987104562
0.605,1.4347266750091057
0.61,1.428198115246271
0.615,1.7399020104997946
0.62,1.6194325406831083
0.625,1.3823656216227855
0.63,1.6626125675532808
0.635,1.5515959581882381
0.64,1.5308079322092503
0.645,1.1523683831244054
0.65,1.6517735913827123
0.655,1.7538191536042027
0.66,1.604119486244263
0.665,1.3733504801518674
0.67,1.401954457687738
0.675,1.6273771191276338
0.68,1.7471328603346112
0.685,1.1095911223898438
0.6900000000000001,1.5620036490949039
0.6950000000000001,1.5465066799844127
0.7000000000000001,1.5670339632771542
0.705,1.1397905528617207
0.71,1.3570806069396866
0.715,1.2507008313751198
0.72,1.1781112129623048
0.725,1.2939571114208779
0.73,1.589760692547202
0.735,1.3855889520471616
0.74,1.5217936114800727
0.745,1.2523756588643993
0.75,1.2355382016863934
0.755,1.2783261430134694
0.76,1.322986006661905
0.765,1.2669692542479962
0.77,1.2744755257980056
0.775,1.0955154557360216
0.78,1.2953294823843653
0.785,1.2733198481149275
0.79,1.1002334163205438
0.795,1.0574518408751903
0.8,0.8116430826929222
0.805,0.9984457390432429
0.81,0.895447678031133
0.8150000000000001,0.9900218249154817
0.8200000000000001,0.9135488994328941
0.8250000000000001,1.0397606853745538
0.8300000000000001,0.9247488198526856
0.835,1.0951021270944914
0.84,0.7535130219004638
0.845,0.8060236907274887
0.85,0.7981628522622853
0.855,0.8643647002228004
0.86,0.7207212972750752
0.865,0.5909115637944585
0.87,0.6335466362172861
0.875,0.6635455493447099
0.88,0.6874024252928238
0.885,0.642542488038649
0.89,0.7370889174363779
0.895,0.5491903340225724
0.9,0.6318868907207865
0.905,0.5523729859858006
0.91,0.5095121174951746
0.915,0.5836038202367749
0.92,0.4480846632480758
0.925,0.45031560386603287
0.93,0.4280032019974932
0.935,0.3572034068602766
0.9400000000000001,0.3807323685332054
0.9450000000000001,0.3073349938608133
0.9500000000000001,0.388910578253586
0.9550000000000001,0.2668183659060421
0.96,0.20990996360678
0.965,0.21644004045250623
0.97,0.17927662686895754
0.975,0.14480236971585675
0.98,0.13470788066176592
0.985,0.08766276261045447
0.99,0.06728872016386411
0.995,0.032553380647405386
1.0,0.0
