0.0,0.0
0.005,0.03392768316410935
0.01,0.07342041407154629
0.015,0.12631358321312294
0.02,0.14629164172719328
0.025,0.19522755091822222
0.03,0.2299086636097069
0.035,0.28408802682983864
0.04,0.3392208231660475
0.045,0.26650452504599165
0.05,0.3674322293194714
0.055,0.30791798136858095
0.06,0.5003849470565613
0.065,0.5209490461252666
0.07,0.6263212854588948
0.075,0.5989487156578407
0.08,0.5547791519450564
0.085,0.5153348779739344
0.09,0.6303509924298721
0.095,0.6536030154063153
0.1,0.658358360332272
0.105,0.7846705998184201
0.11,0.80939679120028
0.115,0.8750971981971444
0.12,0.7891671189930235
0.125,0.9505145486771096
0.13,0.9691996149618791
0.135,0.9652594155043958
0.14,1.0522440076951831
0.145,0.9673238428378262
0.15,0.9951553611611886
0.155,0.8488979452259064
0.16,1.0118198283464297
0.165,1.1604721719136102
0.17,1.3742222025230153
0.17500000000000002,1.0879142894922103
0.18,1.2400270035824934
0.185,1.1674054676490908
0.19,1.297090895470328
0.195,1.2789838294519114
0.2,1.3949015041650183
0.20500000000000002,1.50179207920912
0.21,1.4714124398677868
0.215,1.3013117465288162
0.22,1.2480888033257862
0.225,1.337654088803902
0.23,1.1468501899967745
0.23500000000000001,1.483357406072185
0.24,1.1563205810351218
0.245,1.5889471929786483
0.25,1.5606186397780826
0.255,1.553835086079553
0.26,1.6394311462445463
0.265,1.5053907320925977
0.27,1.4605883582269665
0.275,1.5150448419830302
0.28,1.8098531643844473
0.28500000000000003,1.655727023478834
0.29,1.7412145130194125
0.295,1.741807689815974
0.3,1.742765862672975
0.305,1.5523063558409065
0.31,1.6976002099602798
0.315,1.8119934803782534
0.32,1.6820498155333137
0.325,1.6728398198629741
0.33,1.953518764576472
0.335,1.6051399628757845
0.34,1.648459467713995
0.34500000000000003,1.8849029961244046
0.35000000000000003,1.7821316223717087
0.355,1.8168106375531066
0.36,1.9685830851166646
0.365,1.7930208043150357
0.37,1.7913976436352124
0.375,1.6230395625737772
0.38,2.1589438127080376
0.385,1.8887946169490069
0.39,1.948523341813011
0.395,1.945928530681436
0.4,2.0580474399987727
0.405,1.9260124893711792
0.41000000000000003,1.7409047022965365
0.41500000000000004,1.8663805896512338
0.42,1.9291230641348631
0.425,2.4320818579884844
0.43,1.8805725788238261
0.435,1.7308542139318763
0.44,2.1376992287127465
0.445,2.0448254218309576
0.45,1.916326727766912
0.455,1.7914986660844723
0.46,1.975573918013853
0.465,1.905884489873766
0.47000000000000003,1.936369125364909
0.47500000000000003,2.012795254592444
0.48,2.315194900298914
0.485,2.2189990559773887
0.49,2.1791539934800204
0.495,1.9474352739646505
0.5,2.130523367504486
0.505,2.0124791669924442
0.51,2.2369988668210965
0.515,1.8562924978773963
0.52,2.1935681269522234
0.525,1.7945658271065168
0.53,2.074246004187263
0.535,1.8918646211797976
0.54,1.8505677889692116
0.545,1.480600391119334
0.55,2.221728065374179
0.555,1.9574675402420403
0.56,2.1109013600252764
0.5650000000000001,1.7429719524646528
0.5700000000000001,2.0287512808373367
0.5750000000000001,2.020880975242241
0.58,2.119466631906641
0.585,1.9134951429820788
0.59,1.922932316039879
0.595,2.1781472143804463
0.6,1.8248017944834773
0.605,1.8851764010859868
0.61,1.91985785919061
0.615,2.154658832829243
0.62,1.7596550790074488
0.625,1.6377547702283735
0.63,2.1262941811395777
0.635,2.3402021258327714
0.64,1.9294909329704086
0.645,1.6861430369760535
0.65,1.750028114594663
0.655,1.9657433992115094
0.66,2.0934742063689264
0.665,1.713643205751501
0.67,1.5826221048324558
0.675,2.160270582797619
0.68,1.8572204644513586
0.685,1.7141464585775714
0.6900000000000001,1.7240219574365607
0.6950000000000001,1.7644792837669103
0.7000000000000001,1.9367151402187712
0.705,1.5854330510928742
0.71,1.5405673551450711
0.715,1.6110798476300416
0.72,1.3849011200574555
0.725,1.6949873820739205
0.73,1.7229657149281077
0.735,1.60223393927922
0.74,1.7147530834630085
0.745,1.3531152924684648
0.75,1.6198962248288782
0.755,1.4683731261810005
0.76,1.4384200131535565
0.765,1.6018471233023277
0.77,1.3938491319614192
0.775,1.220261531892105
0.78,1.4163797606356816
0.785,1.4690520592524892
0.79,1.26626339474589
0.795,1.2614738196312894
0.8,1.1431572317706473
0.805,1.1969629602041372
0.81,1.1663549708743552
0.8150000000000001,1.0823422326877197
0.8200000000000001,1.024752934007099
0.8250000000000001,1.18872891328537
0.8300000000000001,1.24941237661007
0.835,1.1886695611722042
0.84,0.8180120524830617
0.845,0.9727960470605803
0.85,0.9438784180834385
0.855,0.9409763272975127
0.86,0.8855921056502647
0.865,0.7588864382606805
0.87,0.7719544795297846
0.875,0.7611880727663634
0.88,0.7894904018489259
0.885,0.86275423484076
0.89,0.9100918675503614
0.895,0.7116949255263921
0.9,0.7541192458538769
0.905,0.6042600482944648
0.91,0.5590699509032792
0.915,0.6228199898000576
0.92,0.643695257257344
0.925,0.5426612574352806
0.93,0.5753405214746959
0.935,0.4256602088346467
0.9400000000000001,0.4912439133157221
0.9450000000000001,0.44436517119439634
0.9500000000000001,0.4112791697070469
0.9550000000000001,0.38200133242012024
0.96,0.32624259151179724
0.965,0.24356103396632794
0.97,0.25844184188324265
0.975,0.15701097900924849
0.98,0.16349546003946952
0.985,0.11519085599269498
0.99,0.08029207866934315
0.995,0.03574221624488887
1.0,0.0
