0.0,0.0
0.005,0.049813861448373103
0.01,0.10084411566648034
0.015,0.14822605811441425
0.02,0.1730644183980247
0.025,0.26544529972016745
0.03,0.2767451997535887
0.035,0.3413824311152319
0.04,0.460776049934236
0.045,0.4401313605143162
0.05,0.458473379467745
0.055,0.48325805145737477
0.06,0.6343437828570546
0.065,0.667973862365211
0.07,0.6803254203733002
0.075,0.7161007444154746
0.08,0.6421942211158211
0.085,0.7613148540256304
0.09,0.6689524871918151
0.095,0.8461921140454141
0.1,0.8437797116965153
0.105,0.946317151728743
0.11,0.9076022034139084
0.115,1.040081579546246
0.12,0.920319782468314
0.125,1.0344636126945617
0.13,1.2166520872239508
0.135,1.1228193115556422
0.14,1.159771912031113
0.145,1.0698404727697461
0.15,1.110821401421461
0.155,1.2169542091615666
0.16,1.1660758562723519
0.165,1.3808468479083154
0.17,1.532293068067578
0.17500000000000002,1.406590810453786
0.18,1.591539847956773
0.185,1.3659590625712819
0.19,1.746001414212309
0.195,1.6128954730248364
0.2,1.5150786315595661
0.20500000000000002,1.6488249667246682
0.21,1.775164604988971
0.215,1.5573441865818693
0.22,1.4511044524803003
0.225,1.6602916908877914
0.23,1.4509956298040607
0.23500000000000001,1.8750490442641945
0.24,1.5549191232691635
0.245,1.750052353868264
0.25,1.8748033348809552
0.255,1.9294921362669
0.26,1.9970346377745176
0.265,1.7133610643122361
0.27,1.683641495404264
0.275,1.9137998347068519
0.28,2.267250478130134
0.28500000000000003,2.0005054583651187
0.29,1.9909902484696245
0.295,1.952181472725155
0.3,2.0877949010104615
0.305,2.139848836656171
0.31,2.114159664182434
0.315,2.229766318088885
0.32,2.2753565974727703
0.325,2.107108326192741
0.33,2.1301248517184206
0.335,2.0874084166721327
0.34,2.3916391936109345
0.34500000000000003,2.1374663879371196
0.35000000000000003,1.9910503057211988
0.355,2.3427206698574077
0.36,2.4790482157590383
0.365,2.0599843322118776
0.37,2.233411572188802
0.375,2.013393765201749
0.38,2.308354458331869
0.385,2.097635401335633
0.39,2.4814399700371124
0.395,2.424242230388126
0.4,2.198978776107496
0.405,2.3624189013908707
0.41000000000000003,2.1726261884297235
0.41500000000000004,2.5926668377338187
0.42,2.2090509310655038
0.425,2.768207628099384
0.43,2.403075782779196
0.435,2.3111038258979697
0.44,2.3171738661119416
0.445,2.258864478013959
0.45,2.314223068941836
0.455,2.217478013609124
0.46,2.5166703641265364
0.465,2.4259378776989706
0.47000000000000003,2.4191491444063975
0.47500000000000003,2.4741687127832295
0.48,2.413254847553427
0.485,2.4565205666629204
0.49,2.38918855958326
0.495,2.2344180436690513
0.5,2.4404740872545254
0.505,2.3854418244852424
0.51,2.7609305138910485
0.515,2.436884174265126
0.52,2.4792066112286215
0.525,2.5501628498923163
0.53,2.354513891334709
0.535,2.2913614667561033
0.54,2.322178365641435
0.545,2.148918623618235
0.55,2.4384243921584527
0.555,2.5396430107481467
0.56,2.6716450001144723
0.5650000000000001,2.224807042447337
0.5700000000000001,2.4551139449600563
0.5750000000000001,2.4269727692669982
0.58,2.4236339632106962
0.585,2.11990548084458
0.59,2.2682321089309547
0.595,2.535355415629984
0.6,2.3193792060045415
0.605,2.0826433608939268
0.61,2.381276742911852
0.615,2.477567618007533
0.62,2.3528022404882716
0.625,2.194051819854374
0.63,2.464549182863641
0.635,2.5639909914144425
0.64,2.3137082837520304
0.645,2.116823166881966
0.65,2.0993010154534515
0.655,2.2711122137840687
0.66,2.334868084523951
0.665,1.9634835258724581
0.67,1.8917032546925245
0.675,2.5140828643871678
0.68,2.2380336830297574
0.685,2.249240992248646
0.6900000000000001,2.0703018747636928
0.6950000000000001,1.9423076504719647
0.7000000000000001,2.2108630903049344
0.705,1.8237913276973403
0.71,1.820967941075177
0.715,1.9440774857731293
0.72,1.6917360034969717
0.725,1.8904554688727133
0.73,2.011108754448123
0.735,2.0974894493711007
0.74,1.8936094631839515
0.745,1.8124436395722323
0.75,1.9837924977082182
0.755,1.8585142084830972
0.76,1.6408979802763206
0.765,1.901887071375622
0.77,1.770066808380086
0.775,1.6974375114190725
0.78,1.6510731516277293
0.785,1.6827009401659125
0.79,1.513524792237695
0.795,1.5966000850441024
0.8,1.4810934298172587
0.805,1.4470858856916362
0.81,1.5653878068381415
0.8150000000000001,1.369195973342117
0.8200000000000001,1.2780726670703277
0.8250000000000001,1.4123217009193125
0.8300000000000001,1.3770808953375862
0.835,1.392673948338663
0.84,1.1326089587224544
0.845,1.2139601193898342
0.85,1.083022700529787
0.855,1.2114017274157376
0.86,1.2747843586073533
0.865,1.0970523626861295
0.87,0.8858219976629498
0.875,1.0268705403632414
0.88,0.9306347529583252
0.885,1.0678612284402769
0.89,1.0918537582544607
0.895,0.9241816894154581
0.9,0.8289191068674363
0.905,0.8194875328901526
0.91,0.819957602191207
0.915,0.7956832213488719
0.92,0.7459744666623707
0.925,0.7212537845623214
0.93,0.6076936203505031
0.935,0.5202200790162236
0.9400000000000001,0.5752925450682095
0.9450000000000001,0.48586042622071635
0.9500000000000001,0.4891579480266253
0.9550000000000001,0.395762477898862
0.96,0.38083837537618115
0.965,0.2970669439502497
0.97,0.32377683254526585
0.975,0.22299294981079437
0.98,0.20300886054762982
0.985,0.1317304820913415
0.99,0.0892597486155227
0.995,0.04126046831681415
1.0,0.0
