0.0,0.0
0.005,0.05947943739877678
0.01,0.1190298136776403
0.015,0.16957660958937928
0.02,0.2111659447191005
0.025,0.2754606749582399
0.03,0.3082535298252953
0.035,0.3811493819606095
0.04,0.5310578491241008
0.045,0.4944050175928146
0.05,0.5232154845634049
0.055,0.5214387653248704
0.06,0.7078626199728164
0.065,0.7524933282501572
0.07,0.7749210339496472
0.075,0.836978510322699
0.08,0.8721734700086172
0.085,0.8642621245974141
0.09,0.7915356905658589
0.095,1.0075975388873697
0.1,0.9707347472361819
0.105,1.2385656375007992
0.11,1.0273218554512027
0.115,1.1120456420200708
0.12,1.0424872851040334
0.125,1.1806089112527547
0.13,1.3482071170055407
0.135,1.3739092242379354
0.14,1.2663086924029288
0.145,1.4027060886565428
0.15,1.2819997402734558
0.155,1.354869304728558
0.16,1.5561135816872846
0.165,1.6205272082373137
0.17,1.7707415135043927
0.17500000000000002,1.625303196993662
0.18,1.7716616828756777
0.185,1.6248916926989876
0.19,1.8325395999394785
0.195,1.8940228950488909
0.2,1.9760590407686796
0.20500000000000002,1.8528310448430139
0.21,1.9453568150494207
0.215,1.7185085027644793
0.22,1.689917628890055
0.225,2.059806602543582
0.23,1.6995076434843353
0.23500000000000001,2.2576874113400014
0.24,1.7908358086528067
0.245,2.1054662459121127
0.25,2.42802719483231
0.255,2.1440578485469275
0.26,2.449219874041737
0.265,2.2211062983043317
0.27,1.9657360288199395
0.275,2.209600416316751
0.28,2.544060737751082
0.28500000000000003,2.2761305589954195
0.29,2.4685800004058316
0.295,2.196632648822834
0.3,2.452431929312983
0.305,2.447488516018202
0.31,2.5435535135596803
0.315,2.6455688623746694
0.32,2.639157772196092
0.325,2.439478648504278
0.33,2.6318583060590792
0.335,2.3448874163162254
0.34,2.606802891516508
0.34500000000000003,2.378431376442667
0.35000000000000003,2.492842895084017
0.355,2.673078890590414
0.36,2.8980215916729333
0.365,2.3762264152639045
0.37,2.412273074399836
0.375,2.282040775518801
0.38,2.9544769548884218
0.385,2.592334569510155
0.39,2.568829983609199
0.395,2.6718993724666062
0.4,2.8857339658661805
0.405,2.621500318358038
0.41000000000000003,2.7802717394990846
0.41500000000000004,3.1832467601029735
0.42,2.777147852510014
0.425,3.1832165487560404
0.43,2.6576784092797734
0.435,2.5142406935452177
0.44,2.866746890378912
0.445,2.8818780755511257
0.45,2.671524483675644
0.455,2.589064572157119
0.46,3.0600395535814107
0.465,2.934552635985861
0.47000000000000003,2.725698027744647
0.47500000000000003,2.639393139404373
0.48,2.761515885102223
0.485,2.6652740264230124
0.49,2.8264804347914034
0.495,3.099722093656881
0.5,2.8441733149885575
0.505,2.7118390418100167
0.51,3.1792931663709574
0.515,3.241118625247827
0.52,3.048306729887221
0.525,2.6388463589721574
0.53,3.248542572195044
0.535,2.597121998123697
0.54,2.756034336416233
0.545,2.318182478148658
0.55,2.9983068858336486
0.555,2.946612137453187
0.56,2.847779133462284
0.5650000000000001,2.522375389737838
0.5700000000000001,2.916424341738825
0.5750000000000001,2.8377049224300728
0.58,2.5818856886525343
0.585,2.471461493268506
0.59,2.626851833141654
0.595,2.9420926959079305
0.6,2.934056907276823
0.605,2.7474434526060234
0.61,2.773874749547794
0.615,2.838030742086038
0.62,2.544898395877648
0.625,2.4990483183158547
0.63,3.027318205478985
0.635,3.0230092810549523
0.64,2.8923692752163164
0.645,2.4639998007751105
0.65,2.4769075429513907
0.655,2.607068596787567
0.66,2.688095069481734
0.665,2.3996696862031897
0.67,2.7712793599869627
0.675,2.689834178975457
0.68,2.455377024701611
0.685,2.570336793792709
0.6900000000000001,2.321484288972972
0.6950000000000001,2.6102235025282754
0.7000000000000001,2.4736386073194008
0.705,2.2371379042858086
0.71,2.2439481663587446
0.715,2.4274342185801063
0.72,2.011696348756932
0.725,2.210321291842515
0.73,2.1827479880321095
0.735,2.4690669817155126
0.74,2.3757128630134963
0.745,2.0909033421353636
0.75,2.364978067045369
0.755,2.087387839310703
0.76,1.9307293862375186
0.765,2.177357689844023
0.77,2.076954159906334
0.775,1.776536226052696
0.78,2.072634464508785
0.785,2.0426882331853653
0.79,1.9979665851652788
0.795,1.8551872165222227
0.8,1.6404724419172427
0.805,1.6699384945760596
0.81,1.74030714486964
0.8150000000000001,1.5239173787332083
0.8200000000000001,1.4557449749342384
0.8250000000000001,1.5840673183389447
0.8300000000000001,1.5191394286614253
0.835,1.6736915083500472
0.84,1.4791678750926942
0.845,1.3524750183671177
0.85,1.4160574299748285
0.855,1.5187874477117311
0.86,1.3875868808341087
0.865,1.3179673691564315
0.87,1.216899917582694
0.875,1.3433169411392774
0.88,1.1586792999512148
0.885,1.2195997817655384
0.89,1.183511345763634
0.895,1.112550004814247
0.9,1.1533697198766883
0.905,0.930796273440946
0.91,0.9428050436903382
0.915,0.831799664077284
0.92,0.9007589511940597
0.925,0.8287310135716307
0.93,0.7622231871087044
0.935,0.6063922556584137
0.9400000000000001,0.6488689005293545
0.9450000000000001,0.5472884533892015
0.9500000000000001,0.550364602259851
0.9550000000000001,0.5460840170747662
0.96,0.44483690991009034
0.965,0.40367494678499616
0.97,0.3744623931572568
0.975,0.2503511291008907
0.98,0.21306729641151145
0.985,0.16035362381188906
0.99,0.11289926640241596
0.995,0.04878773938554369
1.0,0.0
