0.0,0.0
0.005,0.06053721894215465
0.01,0.14260355078756512
0.015,0.1958990009541454
0.02,0.27402639132974627
0.025,0.322037448302002
0.03,0.35271817825236634
0.035,0.4258646456005845
0.04,0.5451741449730019
0.045,0.5337206648901831
0.05,0.6077829749219863
0.055,0.6088304637571871
0.06,0.8045749092188513
0.065,0.8640443766373952
0.07,0.9124492323020857
0.075,1.0174558948076335
0.08,0.9918121555371576
0.085,1.029322677237129
0.09,0.9822532680542749
0.095,1.0317721274435143
0.1,1.1211688746368011
0.105,1.2655638171116839
0.11,1.3599808395944086
0.115,1.4342760685542517
0.12,1.5192687229242667
0.125,1.3612294063182786
0.13,1.5842980209433548
0.135,1.4994220555699975
0.14,1.438693424660995
0.145,1.4758982259636029
0.15,1.6972644507390882
0.155,1.7389736123955253
0.16,1.627700953968034
0.165,2.0866366142765025
0.17,1.9484269642538286
0.17500000000000002,1.9664786382659039
0.18,1.9728990444068149
0.185,1.73426437757323
0.19,2.246777187763986
0.195,2.1175427257133905
0.2,2.103277917269762
0.20500000000000002,1.9381880213712483
0.21,2.1693958691794033
0.215,2.499981667796087
0.22,2.004465695640262
0.225,2.077465791390941
0.23,2.273567513759781
0.23500000000000001,2.4125314284742383
0.24,2.0568739493459303
0.245,2.544803469280872
0.25,2.5006002383464185
0.255,2.877554737062883
0.26,2.6640873454650027
0.265,2.6293034903009995
0.27,2.5862591009039724
0.275,2.4978238821187744
0.28,2.672066070920915
0.28500000000000003,2.511130631905296
0.29,2.8574723143442595
0.295,2.8522787078136838
0.3,2.554162568866105
0.305,2.9690435622248055
0.31,2.9684961227895834
0.315,3.144863756123637
0.32,3.1027632279508293
0.325,2.755683687506672
0.33,3.116995759240822
0.335,2.7079725551019482
0.34,3.2199959671193876
0.34500000000000003,2.9882018821949026
0.35000000000000003,2.7624678424669376
0.355,3.1337369998904943
0.36,3.3146658796586053
0.365,2.6644733892422465
0.37,3.0348636242766096
0.375,3.0149499417408965
0.38,3.3547995067440284
0.385,3.068216889715081
0.39,3.335952963006126
0.395,2.894433533048612
0.4,3.579516638305817
0.405,3.359268319234449
0.41000000000000003,3.3698602428293336
0.41500000000000004,3.644973312464203
0.42,3.51422723264774
0.425,3.5077974829120744
0.43,3.2434444264302287
0.435,3.1065952552878238
0.44,3.182552529749575
0.445,3.868737419531976
0.45,3.16862978571205
0.455,3.0086190093672656
0.46,3.508849142942991
0.465,3.245289363238778
0.47000000000000003,3.166597222737455
0.47500000000000003,3.191311878350744
0.48,3.1956421374853097
0.485,3.06218348505348
0.49,3.3204252922641078
0.495,3.3892485826567977
0.5,3.3243395705301175
0.505,3.3813303477990457
0.51,3.7641458205693583
0.515,3.4494587912143437
0.52,3.295548363093566
0.525,3.0763357382053527
0.53,3.635623180127741
0.535,3.015707219455425
0.54,3.3108043446068938
0.545,2.8621839794610784
0.55,3.250125234093645
0.555,3.212770901676326
0.56,3.2133572151140073
0.5650000000000001,3.0146285748675132
0.5700000000000001,3.1636553814383723
0.5750000000000001,3.281473882542878
0.58,3.085091555376297
0.585,2.991376335062022
0.59,3.1595540711295373
0.595,3.3159814111950086
0.6,3.1258918189161884
0.605,3.2602829996763907
0.61,3.6563048029701264
0.615,3.2356426324928758
0.62,3.2397265076625064
0.625,3.0064730251069633
0.63,3.348446055917535
0.635,3.3361662792069833
0.64,3.1165889880062174
0.645,2.785895385010344
0.65,3.190275850386076
0.655,2.887194165205033
0.66,3.350800079619067
0.665,3.0479879745026763
0.67,3.0494371145763126
0.675,2.934100892813215
0.68,2.9651060342781013
0.685,2.731509627515427
0.6900000000000001,2.7437465940893606
0.6950000000000001,2.9545499543579803
0.7000000000000001,2.9779299025979076
0.705,2.6475447755379307
0.71,2.5767215323946613
0.715,2.652985379828289
0.72,2.628206275695884
0.725,2.609845193224607
0.73,2.315522550603264
0.735,2.7855845209102563
0.74,2.6290090890637914
0.745,2.5033613439433515
0.75,2.509965197931239
0.755,2.368879983341901
0.76,2.203396650271933
0.765,2.550129080149616
0.77,2.296239452543096
0.775,2.1827671159992734
0.78,2.2511130849542016
0.785,2.5581687819352785
0.79,2.071290274508796
0.795,2.116474471666421
0.8,1.8907024749201877
0.805,2.1221528674960295
0.81,1.8346180433691828
0.8150000000000001,2.0979459825918125
0.8200000000000001,1.8803190767615365
0.8250000000000001,2.023846871234442
0.8300000000000001,1.7161767825311534
0.835,1.7272883860562647
0.84,1.679168507861504
0.845,1.6418401516070324
0.85,1.7732610160726399
0.855,1.6423049937248422
0.86,1.6068305147253978
0.865,1.4968353506298477
0.87,1.352993398738436
0.875,1.4448869045373998
0.88,1.359247213646287
0.885,1.4066865568908318
0.89,1.3008031335874803
0.895,1.224746982859338
0.9,1.3221309191587212
0.905,1.0993271924908747
0.91,1.0578907310452814
0.915,1.0176706783075322
0.92,0.9513571069378904
0.925,0.8990695178138635
0.93,0.9439896497210376
0.935,0.8285306335111962
0.9400000000000001,0.7547130470856053
0.9450000000000001,0.700789507646588
0.9500000000000001,0.6487859743039235
0.9550000000000001,0.6259245049140401
0.96,0.5122469280832522
0.965,0.4302382987809391
0.97,0.42196254066534683
0.975,0.27993249246387303
0.98,0.24888480723545248
0.985,0.20487790020557836
0.99,0.12237902239947024
0.995,0.0654403215521876
1.0,0.0
