0.0,0.0
0.005,0.08209049119787747
0.01,0.1557131351454408
0.015,0.20958013442660933
0.02,0.29404895670812625
0.025,0.364839549976731
0.03,0.4201517208332804
0.035,0.4704882256312398
0.04,0.6624233836268196
0.045,0.6577458411833064
0.05,0.7484507773836545
0.055,0.694021586171787
0.06,0.9333349751769083
0.065,1.0204124561448427
0.07,1.0360973488276533
0.075,1.099635946242806
0.08,1.131786758425639
0.085,1.2735966691044813
0.09,1.1392630547194418
0.095,1.5552763174549573
0.1,1.2581890156943318
0.105,1.6566874970841705
0.11,1.5872016341981583
0.115,1.762516082491577
0.12,1.7942400498023376
0.125,1.9462809617230374
0.13,1.7649941659098591
0.135,2.0472486096472347
0.14,1.8681547333129322
0.145,1.8499206409321445
0.15,1.9007196479386388
0.155,1.9400694936790046
0.16,2.1553750444920374
0.165,2.2155680352462883
0.17,2.0974896053424983
0.17500000000000002,2.3604646327335326
0.18,2.62796119257808
0.185,2.26529016591637
0.19,2.6239530215905935
0.195,2.4171077171227817
0.2,2.261543571860672
0.20500000000000002,2.251820506077971
0.21,2.4208449106652803
0.215,2.884636061300328
0.22,2.534827279175958
0.225,2.540912083671665
0.23,3.085558081504977
0.23500000000000001,2.784656685429324
0.24,2.8249863362248244
0.245,2.8670222627232747
0.25,3.15615225139597
0.255,3.2750734152845316
0.26,3.3156654055999453
0.265,2.943795294499244
0.27,2.9169349886101816
0.275,2.99657442347309
0.28,3.1287813287039463
0.28500000000000003,3.2758254726551628
0.29,3.3824492782872997
0.295,3.1737321240309404
0.3,2.954106898450508
0.305,3.4674063064756453
0.31,3.462159454952082
0.315,3.3018081206811933
0.32,3.7486834793532657
0.325,3.6017101045062807
0.33,3.685933561304758
0.335,3.4185683462371923
0.34,4.103202253034866
0.34500000000000003,3.7896168666715875
0.35000000000000003,3.5147387180554985
0.355,3.8043683493575724
0.36,3.728303330372081
0.365,3.7898133907397247
0.37,3.6448923445586248
0.375,3.7404555109404853
0.38,3.740780650620448
0.385,3.413936227442919
0.39,3.8302652905610675
0.395,3.8024291491073736
0.4,3.7143691124093094
0.405,3.953755415873618
0.41000000000000003,3.973889860426871
0.41500000000000004,3.9877711592441343
0.42,3.7669846673668115
0.425,4.035392546315192
0.43,3.8198260260414205
0.435,3.7267784861566744
0.44,3.592051793130062
0.445,4.139950937148331
0.45,3.4873537944973902
0.455,3.6772966528273705
0.46,4.01378656920832
0.465,3.900479220508992
0.47000000000000003,3.7983180817934836
0.47500000000000003,3.702656838845091
0.48,3.850898004563118
0.485,3.672081070375874
0.49,4.096354030668458
0.495,3.904669948436884
0.5,3.8547641750512827
0.505,4.220061869701575
0.51,4.448320204910848
0.515,4.151955227885543
0.52,3.6206945745599626
0.525,3.6325311297156464
0.53,4.187745086822478
0.535,3.4283375942604
0.54,3.959429155329689
0.545,3.3613884627951283
0.55,3.6973721389869114
0.555,3.689855685406801
0.56,4.421510765683441
0.5650000000000001,3.70489536851527
0.5700000000000001,4.092199954138713
0.5750000000000001,3.847839364278002
0.58,4.049832706962597
0.585,3.468194114530309
0.59,4.136570687223048
0.595,4.062343026502448
0.6,3.7579483369325763
0.605,3.9033006170683096
0.61,4.614602567203417
0.615,3.6828088973462556
0.62,3.9326304506599508
0.625,3.9154761145965504
0.63,4.009611183970037
0.635,3.987722543436748
0.64,3.462169035474686
0.645,3.051847840052544
0.65,3.7508378214605957
0.655,3.4525288550171886
0.66,3.596561486269719
0.665,3.7891243872808187
0.67,3.32083988924067
0.675,3.642106161475072
0.68,3.5400902162695274
0.685,3.511326976934839
0.6900000000000001,3.1846273278062203
0.6950000000000001,3.694056935093907
0.7000000000000001,3.4366476054129795
0.705,3.256539185689337
0.71,3.1533245850689133
0.715,2.8930204764650216
0.72,2.7659029934318946
0.725,3.0266197928595453
0.73,2.72316660968357
0.735,3.021826282084344
0.74,2.776210226751034
0.745,2.9289459759685337
0.75,3.232451837664466
0.755,2.780348253107187
0.76,2.995908602330917
0.765,3.052261891289881
0.77,2.7880298625193554
0.775,2.9920247002994182
0.78,2.5469669444486627
0.785,2.72275347580072
0.79,2.398963123530003
0.795,2.7198772485398446
0.8,2.3006302161111254
0.805,2.6109786773286694
0.81,2.6880624601302947
0.8150000000000001,2.447612418298454
0.8200000000000001,2.1225834898773344
0.8250000000000001,2.2220227910479506
0.8300000000000001,2.0678109033199608
0.835,2.087472024612347
0.84,2.1634246925496914
0.845,1.9063801347548543
0.85,2.027785155643378
0.855,1.8621773844023508
0.86,1.8797085530988933
0.865,1.8797415821155745
0.87,1.55587933945176
0.875,1.6487745879085203
0.88,1.4148370363164178
0.885,1.658082250550632
0.89,1.5994371514414283
0.895,1.324171724806712
0.9,1.4812993144366553
0.905,1.2236492847915923
0.91,1.102664890744367
0.915,1.1853890238960825
0.92,1.0523715087919208
0.925,1.1398890821592003
0.93,1.1148751998983641
0.935,0.8704300840996095
0.9400000000000001,0.8537097666135625
0.9450000000000001,0.8807192258196662
0.9500000000000001,0.7597447264843816
0.9550000000000001,0.6557989162459619
0.96,0.5781032225418788
0.965,0.5054882270075246
0.97,0.5418010330246134
0.975,0.33677215441899777
0.98,0.32761683640119654
0.985,0.22926082301748693
0.99,0.15025141804557882
0.995,0.07747402817715844
1.0,0.0
