0.0,0.0
0.005,-0.05087261291674615
0.01,-0.1157130213847227
0.015,-0.17047482136266306
0.02,-0.218895983827685
0.025,-0.26619622277713895
0.03,-0.3097356734269404
0.035,-0.3591116502925635
0.04,-0.39850183657639837
0.045,-0.4644412589113954
0.05,-0.5792981337778434
0.055,-0.5605114114727298
0.06,-0.6336196318413753
0.065,-0.7127557302652001
0.07,-0.6585074527779438
0.075,-0.7072375950709101
0.08,-0.8537784489485623
0.085,-1.0126859869663971
0.09,-0.9570531580713274
0.095,-0.89114814535805
0.1,-1.071310023075262
0.105,-1.1038567575528964
0.11,-1.1535986341754174
0.115,-1.0768526601834418
0.12,-1.2034771255303618
0.125,-1.1223765639516934
0.13,-1.2750340587789368
0.135,-1.4764734817651144
0.14,-1.3694440701506883
0.145,-1.384481155674239
0.15,-1.4938912760796956
0.155,-1.6671597351762855
0.16,-1.4517200120615568
0.165,-1.449108665474528
0.17,-1.7017681589510805
0.17500000000000002,-1.6879166238913799
0.18,-1.6744561933901794
0.185,-1.5837576055727869
0.19,-1.7261133570757394
0.195,-1.7259906900312632
0.2,-1.6329915660457979
0.20500000000000002,-1.9443462202653616
0.21,-1.8124525826699347
0.215,-1.804055381360491
0.22,-1.8981820625950603
0.225,-1.8140737487224314
0.23,-2.2078801604606504
0.23500000000000001,-1.9473188803437986
0.24,-2.105374757606312
0.245,-2.3739299497250275
0.25,-2.041235246529536
0.255,-1.977624824771361
0.26,-2.0217339233024156
0.265,-2.327014136414964
0.27,-2.255140436095638
0.275,-2.4795270664602787
0.28,-2.1788802061835306
0.28500000000000003,-2.5742059399911437
0.29,-2.6208691106829276
0.295,-2.159911308323671
0.3,-2.3997382969429313
0.305,-2.34338926079508
0.31,-2.188150183335738
0.315,-2.397902501959651
0.32,-2.5556420692100117
0.325,-2.464819649342933
0.33,-2.573111134082037
0.335,-2.732704159374162
0.34,-2.5722142707147393
0.34500000000000003,-2.1451861067994
0.35000000000000003,-2.4861081289028495
0.355,-2.228903355922943
0.36,-2.576216425609078
0.365,-2.896260200722793
0.37,-2.495545297319052
0.375,-2.788037820690128
0.38,-2.6944758094606316
0.385,-2.8136732511299556
0.39,-2.887036974378963
0.395,-2.658168732461162
0.4,-2.4842776023068636
0.405,-2.482409560348212
0.41000000000000003,-2.7146870467462714
0.41500000000000004,-2.8215708655733094
0.42,-2.918440493819669
0.425,-2.4715541013795606
0.43,-2.9152160722886222
0.435,-3.098774329089864
0.44,-2.9733154419560606
0.445,-2.5973655430205858
0.45,-3.10214262557534
0.455,-2.9653781826538856
0.46,-2.748552236553556
0.465,-2.4802148147832788
0.47000000000000003,-2.981134739622358
0.47500000000000003,-2.697449358293257
0.48,-2.7925039780552026
0.485,-2.594440153925564
0.49,-2.8798063179748907
0.495,-2.846905912830191
0.5,-3.171418288209971
0.505,-2.861659853427494
0.51,-2.704629592100479
0.515,-2.8808054052965653
0.52,-2.692530293997267
0.525,-2.979138145198597
0.53,-2.865251328609775
0.535,-2.6620662433493054
0.54,-2.5640627029184855
0.545,-2.7274574707230874
0.55,-2.5853306804527674
0.555,-2.576191610236811
0.56,-2.9520644573828503
0.5650000000000001,-2.9866765671323763
0.5700000000000001,-3.055319652079712
0.5750000000000001,-2.7735645573018943
0.58,-2.693531938497238
0.585,-2.940015996089337
0.59,-2.557413513876614
0.595,-3.0683371786343128
0.6,-2.7825852293046194
0.605,-3.177737433941268
0.61,-2.552804029397349
0.615,-2.5552586083001754
0.62,-2.9065811694862687
0.625,-2.724087501363315
0.63,-2.717530372478311
0.635,-2.5330186165844077
0.64,-2.3206436465826883
0.645,-2.655507857268313
0.65,-2.9293612328136214
0.655,-2.639297623857506
0.66,-2.386923580435881
0.665,-2.679460438184837
0.67,-2.466444295006595
0.675,-2.3822081046847168
0.68,-2.599715198357265
0.685,-2.4127295640659594
0.6900000000000001,-2.7132458080635997
0.6950000000000001,-2.287391731714968
0.7000000000000001,-2.4367788443401888
0.705,-2.1331223259033503
0.71,-2.520677225881523
0.715,-2.384052090234938
0.72,-2.2277292924256775
0.725,-2.191305315128652
0.73,-2.058088365144617
0.735,-2.2832061052217063
0.74,-2.3875738089290817
0.745,-2.0482672803963684
0.75,-1.929166648500573
0.755,-2.021721818636754
0.76,-1.8115243050577063
0.765,-2.005895661320803
0.77,-2.0173923746469007
0.775,-2.052074814899475
0.78,-1.6499743487129088
0.785,-1.929595726921166
0.79,-1.7821357243239853
0.795,-1.877921283051404
0.8,-1.8962760812138617
0.805,-2.0701569713323043
0.81,-1.8416656650723624
0.8150000000000001,-1.870414792824484
0.8200000000000001,-1.6974031396432814
0.8250000000000001,-1.7721759496767184
0.8300000000000001,-1.6299399695621881
0.835,-1.2827562842869158
0.84,-1.616506509637491
0.845,-1.438044793269632
0.85,-1.392604283241079
0.855,-1.3324497293294773
0.86,-1.2966602665948852
0.865,-1.2128941185070488
0.87,-1.3726156066256174
0.875,-1.2007539430556187
0.88,-1.098396828858939
0.885,-1.0985304834389409
0.89,-1.0395889786001389
0.895,-1.0881705717504113
0.9,-1.1900324613045319
0.905,-0.954655554843178
0.91,-0.8922237175459519
0.915,-0.7329072187823769
0.92,-0.8135271263325318
0.925,-0.7625770252905228
0.93,-0.7863575511142326
0.935,-0.7885579645642485
0.9400000000000001,-0.6808297168226942
0.9450000000000001,-0.595945614999503
0.9500000000000001,-0.4989981790884091
0.9550000000000001,-0.505669184186655
0.96,-0.38997724348741186
0.965,-0.45474123295070673
0.97,-0.35680708413797146
0.975,-0.3111598541070134
0.98,-0.2084706869321375
0.985,-0.17998386474163697
0.99,-0.10866688561103444
0.995,-0.05519942859623493
1.0,0.0
