0.0,0.0
0.005,-0.0486631591725343
0.01,-0.095924629843472
0.015,-0.1423686720794805
0.02,-0.19861476914912665
0.025,-0.23189487375571843
0.03,-0.28549225795448463
0.035,-0.2952001861741357
0.04,-0.386004707313957
0.045,-0.41638517600547104
0.05,-0.4610025844811507
0.055,-0.4973585895954846
0.06,-0.5639080310941895
0.065,-0.5791325198340538
0.07,-0.5950671292454828
0.075,-0.6660477620364392
0.08,-0.7508282274392114
0.085,-0.9308095253890939
0.09,-0.7270408973018782
0.095,-0.7735306225867233
0.1,-0.8487370697677021
0.105,-0.885990947386924
0.11,-0.9632036858846189
0.115,-0.8851299346192345
0.12,-1.12581060923006
0.125,-1.0110573462869616
0.13,-1.0792529171505663
0.135,-1.1796607486308315
0.14,-1.257360103224462
0.145,-1.2112529492587727
0.15,-1.283454878279106
0.155,-1.404892603333953
0.16,-1.2939151348770086
0.165,-1.2609214710242493
0.17,-1.331565273175432
0.17500000000000002,-1.4321655205918316
0.18,-1.4304765783450635
0.185,-1.4896761021038178
0.19,-1.5011690399565034
0.195,-1.5256641852206934
0.2,-1.4500912067005072
0.20500000000000002,-1.5034516636788389
0.21,-1.6267211350939395
0.215,-1.6496197637015397
0.22,-1.5746817679041083
0.225,-1.6372940601178605
0.23,-2.0144449786946717
0.23500000000000001,-1.6177928361076497
0.24,-1.7939611535237538
0.245,-1.8015830442229617
0.25,-1.9634585371485398
0.255,-1.6485436478630857
0.26,-1.7178804691843197
0.265,-2.094758655963043
0.27,-2.078640559554353
0.275,-1.7855573179276845
0.28,-2.05788999664389
0.28500000000000003,-1.9902508989268675
0.29,-2.2303325000444203
0.295,-1.9057964101369034
0.3,-2.159374403004373
0.305,-2.033404623565844
0.31,-1.9690720445017704
0.315,-1.8121118987024465
0.32,-2.2741635480824915
0.325,-1.9191246853849442
0.33,-2.090442448703197
0.335,-2.359183650194887
0.34,-2.174335901905079
0.34500000000000003,-1.9988542033752403
0.35000000000000003,-2.0430953547218076
0.355,-2.0126248926720307
0.36,-2.191622511110843
0.365,-2.2415024239465167
0.37,-2.200908563930879
0.375,-2.075171511041562
0.38,-2.090317409467193
0.385,-2.4213018678646945
0.39,-2.635226620850122
0.395,-2.288022155461305
0.4,-1.9735244638580585
0.405,-2.1488294967484
0.41000000000000003,-2.3699866492746704
0.41500000000000004,-2.309395337332455
0.42,-2.3534082187890166
0.425,-2.0582688847713104
0.43,-2.5433564631204053
0.435,-2.184110645759197
0.44,-2.707109911821534
0.445,-2.239767843044235
0.45,-2.2873196740151265
0.455,-2.39704286631779
0.46,-2.563743660419314
0.465,-2.2177573903139582
0.47000000000000003,-2.623078479709662
0.47500000000000003,-2.0764906331869497
0.48,-2.470241358491477
0.485,-2.1006221296215517
0.49,-2.4325488903849637
0.495,-2.284539576205015
0.5,-2.798497170252053
0.505,-2.1252625847527877
0.51,-2.447874761617343
0.515,-2.110887947156502
0.52,-2.3389834137153733
0.525,-2.2426358424026764
0.53,-2.182660802270397
0.535,-2.3685799938159233
0.54,-2.084866910869517
0.545,-2.553747990573579
0.55,-2.1779096562563973
0.555,-2.171367099576332
0.56,-2.1621006862299823
0.5650000000000001,-2.704615484640706
0.5700000000000001,-2.3696704397550845
0.5750000000000001,-1.988879456046395
0.58,-2.440379616214892
0.585,-2.301244902905346
0.59,-2.091926362906527
0.595,-3.0023344888318757
0.6,-2.600170871968454
0.605,-2.854841690445326
0.61,-2.026833904178873
0.615,-1.8380339485164732
0.62,-2.5463643639131424
0.625,-2.404215336522008
0.63,-2.441758819360677
0.635,-2.005825211076992
0.64,-2.232175640134333
0.645,-2.414105767997317
0.65,-2.543825052621522
0.655,-2.3188726069010768
0.66,-2.042373495781384
0.665,-2.0335140999378676
0.67,-2.2398445914075977
0.675,-2.1415640941659846
0.68,-2.239256599362267
0.685,-2.076249843054531
0.6900000000000001,-2.1379105533740463
0.6950000000000001,-1.85434080566881
0.7000000000000001,-1.9265612788196316
0.705,-1.8958788019264825
0.71,-2.0132922886073907
0.715,-2.0941041454129596
0.72,-1.8603391261441788
0.725,-1.8838132001216192
0.73,-1.7370468680459992
0.735,-1.7932435998686336
0.74,-1.8978166394683584
0.745,-1.7763866719929413
0.75,-1.484375085974272
0.755,-1.8065628277583905
0.76,-1.7608059429817244
0.765,-1.7245693855579796
0.77,-1.5816766809301253
0.775,-1.6513558777850261
0.78,-1.4729163573280948
0.785,-1.492226681191508
0.79,-1.3979407470793985
0.795,-1.5311451240302438
0.8,-1.7425132390813238
0.805,-1.6767110760364257
0.81,-1.6866059905628132
0.8150000000000001,-1.6050513354930822
0.8200000000000001,-1.4160744974560402
0.8250000000000001,-1.451155985192485
0.8300000000000001,-1.471346827303239
0.835,-1.2046183433792836
0.84,-1.3813924953126138
0.845,-1.2677286291394327
0.85,-1.1546586033463075
0.855,-1.137627586046706
0.86,-1.0750394482231997
0.865,-1.073385044647034
0.87,-1.2023484976908627
0.875,-1.0382605554355124
0.88,-0.9610099666816213
0.885,-0.9963875986903056
0.89,-0.9832616134288751
0.895,-0.8013023794523386
0.9,-0.9780093969809469
0.905,-0.8164257756028895
0.91,-0.6886668317690359
0.915,-0.6734281346400276
0.92,-0.6857655870235707
0.925,-0.6504887387254569
0.93,-0.6371658513816576
0.935,-0.6836801048115619
0.9400000000000001,-0.4687527452540143
0.9450000000000001,-0.4842808486067911
0.9500000000000001,-0.4402211211054186
0.9550000000000001,-0.4274365984812543
0.96,-0.3352101249380234
0.965,-0.33078186374839763
0.97,-0.2909532503795108
0.975,-0.24525509342083981
0.98,-0.1990954043505397
0.985,-0.15716702471947275
0.99,-0.09487759343866324
0.995,-0.05229367490334295
1.0,0.0
