0.0,0.0
0.005,-0.0404203070087672
0.01,-0.07996531673019154
0.015,-0.13732991442863726
0.02,-0.14580511593110193
0.025,-0.19432356289977137
0.03,-0.23963506797395787
0.035,-0.28225595276533527
0.04,-0.2835636502691042
0.045,-0.3644422967645092
0.05,-0.42115470405809446
0.055,-0.4320484205914554
0.06,-0.4359389057845183
0.065,-0.4973744282519835
0.07,-0.4422408113880508
0.075,-0.533882555755929
0.08,-0.5669211736187542
0.085,-0.6519854618063803
0.09,-0.6508793526670523
0.095,-0.6776416044806302
0.1,-0.7783580618022707
0.105,-0.8246325586894054
0.11,-0.8370090345574603
0.115,-0.764020183374155
0.12,-0.8318958863055742
0.125,-0.7818738101327548
0.13,-0.8064138735382818
0.135,-1.0044517521690692
0.14,-1.123908392820892
0.145,-1.0098412107690373
0.15,-1.1621943703651072
0.155,-1.037263534919168
0.16,-1.1000373098984697
0.165,-1.0058867690774096
0.17,-0.98818951960123
0.17500000000000002,-1.1407250635957846
0.18,-1.2202518049578572
0.185,-1.3007829148342804
0.19,-1.384176719139161
0.195,-1.3118095015025908
0.2,-1.156999511972622
0.20500000000000002,-1.3668645406293183
0.21,-1.1529536682223498
0.215,-1.2163201456070158
0.22,-1.3332743936384075
0.225,-1.2503156692018118
0.23,-1.6379062909269138
0.23500000000000001,-1.1971706379605827
0.24,-1.3188388846951002
0.245,-1.6753967266731364
0.25,-1.5153597302008872
0.255,-1.2694340942533038
0.26,-1.341917203358977
0.265,-1.6317256062260594
0.27,-1.9060335487825335
0.275,-1.6043602436861748
0.28,-1.709935186655
0.28500000000000003,-1.6200303945425183
0.29,-1.901080914190383
0.295,-1.8262164132047065
0.3,-1.7986086433276123
0.305,-1.7232213371225535
0.31,-1.6088680160187374
0.315,-1.5566191046090776
0.32,-1.7613768977786282
0.325,-1.5661057183292473
0.33,-1.7536248038950166
0.335,-1.9539901298527262
0.34,-1.8473482024040495
0.34500000000000003,-1.7119703755094022
0.35000000000000003,-1.7855911762503778
0.355,-1.821982693093477
0.36,-1.9904700115208955
0.365,-2.1189950853563966
0.37,-1.7995394759888879
0.375,-1.836099819465318
0.38,-1.4802017995484786
0.385,-1.9701180777128056
0.39,-1.923103461294297
0.395,-1.9220662483012572
0.4,-1.697688987424272
0.405,-1.7005589638481873
0.41000000000000003,-2.110095870305859
0.41500000000000004,-1.9071822185056073
0.42,-2.302943350164159
0.425,-1.688388270859061
0.43,-2.1057272562078198
0.435,-1.8485499517562825
0.44,-1.9495648541209825
0.445,-1.6447748799558877
0.45,-2.0552943149655807
0.455,-2.0672527229372
0.46,-1.7472299156419948
0.465,-1.774912214088651
0.47000000000000003,-2.0678759878676374
0.47500000000000003,-1.725660132448307
0.48,-1.9553449007433166
0.485,-1.6742757407699305
0.49,-2.0066394948246624
0.495,-2.1689138312472926
0.5,-2.311567807610781
0.505,-1.908313930708051
0.51,-1.8823138813694675
0.515,-1.78031582080502
0.52,-1.970994876596751
0.525,-1.8760682215351188
0.53,-1.8736876548965906
0.535,-2.0506463506432278
0.54,-1.9798088657346418
0.545,-2.338576406690692
0.55,-1.923785073560419
0.555,-1.75441368380543
0.56,-2.008089653532683
0.5650000000000001,-2.02136096955929
0.5700000000000001,-2.0027068313531418
0.5750000000000001,-1.6047175485583338
0.58,-1.6653788862845245
0.585,-1.8750011687180534
0.59,-1.7893487203560126
0.595,-2.102057734350974
0.6,-2.122787333228628
0.605,-2.339877244547524
0.61,-1.741106415690255
0.615,-1.7306251136477784
0.62,-1.9304429800519702
0.625,-2.018442220375555
0.63,-1.6846647235424383
0.635,-1.5703062861165569
0.64,-1.7682905318130984
0.645,-2.0853965528879943
0.65,-1.8234786606013056
0.655,-1.7455411091430089
0.66,-1.6024805661812678
0.665,-1.9003921413892357
0.67,-1.7438401017450478
0.675,-1.8947049772655316
0.68,-1.9631374718395058
0.685,-1.6497018261157392
0.6900000000000001,-1.977920192344528
0.6950000000000001,-1.6859957299007897
0.7000000000000001,-1.6130111686538344
0.705,-1.6392584167317745
0.71,-1.7661757355279488
0.715,-1.7166756275601485
0.72,-1.5873524830594747
0.725,-1.6082534546137162
0.73,-1.462081106223759
0.735,-1.471390691226017
0.74,-1.3123685831945902
0.745,-1.6167883994945191
0.75,-1.3702493126103528
0.755,-1.6926951488906055
0.76,-1.2536307533973758
0.765,-1.3465717717197911
0.77,-1.387820784132154
0.775,-1.2018171486860474
0.78,-1.369603671633277
0.785,-1.2597771446347683
0.79,-1.1572602726635701
0.795,-1.1694915485181296
0.8,-1.372594054655495
0.805,-1.475945094223625
0.81,-1.4658687081585842
0.8150000000000001,-1.344379476147303
0.8200000000000001,-1.3303923876350907
0.8250000000000001,-1.0806647248339794
0.8300000000000001,-1.2150014786506516
0.835,-0.8261077315137713
0.84,-1.2804617145121977
0.845,-1.1056581735776403
0.85,-1.0285580762987585
0.855,-0.9962654120944502
0.86,-0.995695608704488
0.865,-0.8801990642651355
0.87,-1.0475316069502398
0.875,-0.9117121035516114
0.88,-0.7893794538762579
0.885,-0.9016496182306063
0.89,-0.7989016842593575
0.895,-0.5919728792614045
0.9,-0.8255115039377671
0.905,-0.6821843386604702
0.91,-0.6414400906531887
0.915,-0.5987424910643844
0.92,-0.5901682671550401
0.925,-0.5604432462234825
0.93,-0.5166831835173777
0.935,-0.5285582538172525
0.9400000000000001,-0.3807704936351393
0.9450000000000001,-0.34547053072098044
0.9500000000000001,-0.33459889474729554
0.9550000000000001,-0.336508321305042
0.96,-0.3031175476160037
0.965,-0.2963113970948169
0.97,-0.2566570693047196
0.975,-0.19694873892427697
0.98,-0.18422459585961143
0.985,-0.13011259541703799
0.99,-0.08267347680975755
0.995,-0.03845536384872961
1.0,0.0
