0.0,0.0
0.005,-0.0323141636233687
0.01,-0.07262283071866174
0.015,-0.10205822129453264
0.02,-0.11067035400614213
0.025,-0.15711683662853101
0.03,-0.17617440683878346
0.035,-0.23675247501843708
0.04,-0.23853486798596216
0.045,-0.2981802638953724
0.05,-0.3378540906604395
0.055,-0.3406933459643734
0.06,-0.37797039672640553
0.065,-0.35872822104831287
0.07,-0.33526272496165804
0.075,-0.46560703833914907
0.08,-0.48869782173506604
0.085,-0.5555174481059185
0.09,-0.5030932218560207
0.095,-0.5185182477003876
0.1,-0.6715969833807451
0.105,-0.6331310792244441
0.11,-0.6028771972605457
0.115,-0.5943600813743922
0.12,-0.6409256127852389
0.125,-0.6624190592989889
0.13,-0.6514315682763189
0.135,-0.9383495219451076
0.14,-0.7188238546354255
0.145,-0.8708815680360891
0.15,-0.961414254853386
0.155,-0.8785072196043495
0.16,-0.7536555251322729
0.165,-0.8434276980007924
0.17,-0.769683610810991
0.17500000000000002,-0.9806736894157312
0.18,-0.9214045106742809
0.185,-0.8445193298790615
0.19,-1.064881315084033
0.195,-1.0769573675239894
0.2,-1.0638265087952956
0.20500000000000002,-1.2154586603932813
0.21,-0.8136495847175748
0.215,-1.0317367075682473
0.22,-1.129586478421193
0.225,-1.1364878967309526
0.23,-1.264759978908007
0.23500000000000001,-0.8726825209752959
0.24,-1.1004252588956995
0.245,-1.2377797682295388
0.25,-1.2564293206317771
0.255,-1.1097452162182897
0.26,-1.162702586390471
0.265,-1.5226562178528484
0.27,-1.5364788596232941
0.275,-1.232262424843293
0.28,-1.5423632302108938
0.28500000000000003,-1.2247902926965444
0.29,-1.4675520335099463
0.295,-1.3318413065864643
0.3,-1.4311628418555546
0.305,-1.1677381458436464
0.31,-1.3314026617404906
0.315,-1.272021885251144
0.32,-1.5864962264471585
0.325,-1.3661553436171312
0.33,-1.5333126959854937
0.335,-1.4265652125436799
0.34,-1.5905628164381647
0.34500000000000003,-1.3994238674774475
0.35000000000000003,-1.0736488051723894
0.355,-1.3254686516312517
0.36,-1.2385393922369838
0.365,-1.5287084337043886
0.37,-1.4466386511631106
0.375,-1.5498538806925353
0.38,-1.2128745301481936
0.385,-1.4707571498775582
0.39,-1.6840433548347755
0.395,-1.1986106449418932
0.4,-1.264465632317471
0.405,-1.3829297352351109
0.41000000000000003,-1.80552189478783
0.41500000000000004,-1.5479123878777221
0.42,-1.6275896047429779
0.425,-1.463613603323777
0.43,-1.7827598160419194
0.435,-1.6299374238109017
0.44,-1.5666605304371863
0.445,-1.444150141024917
0.45,-1.532157088737758
0.455,-1.7840289186449283
0.46,-1.4781088689534017
0.465,-1.54779544669177
0.47000000000000003,-1.9452184571479365
0.47500000000000003,-1.5305132842801856
0.48,-1.7224354444759111
0.485,-1.4734988769810031
0.49,-1.6602217268519723
0.495,-1.9166107251591111
0.5,-1.754253593274397
0.505,-1.516602654786807
0.51,-1.4641696655920584
0.515,-1.6337499543872567
0.52,-1.520464238753481
0.525,-1.3001766815763245
0.53,-1.5887131446561626
0.535,-1.5188240314031611
0.54,-1.3934950315816155
0.545,-1.909033519975915
0.55,-1.7247225745009425
0.555,-1.49736887629782
0.56,-1.5284001234499525
0.5650000000000001,-1.7377608998664589
0.5700000000000001,-1.4535487794655655
0.5750000000000001,-1.3971935111976699
0.58,-1.481481661278143
0.585,-1.480938446328737
0.59,-1.610067124407555
0.595,-1.3374397710065526
0.6,-1.82350368249207
0.605,-1.7832407644523876
0.61,-1.4736768224601995
0.615,-1.399712691223189
0.62,-1.7489372852118417
0.625,-1.7089792337229985
0.63,-1.3864001454569137
0.635,-1.4343915993456522
0.64,-1.387290410688142
0.645,-1.6337734010426457
0.65,-1.463248669661383
0.655,-1.413080965362477
0.66,-1.1571817663045854
0.665,-1.5924103114761152
0.67,-1.4856000911974845
0.675,-1.417529013361403
0.68,-1.42407747134708
0.685,-1.4216328880661375
0.6900000000000001,-1.6085023988131308
0.6950000000000001,-1.5351090043796907
0.7000000000000001,-1.255191133169556
0.705,-1.2987638263638106
0.71,-1.3389398640815193
0.715,-1.486772029995856
0.72,-1.427934815442209
0.725,-1.4658693699400371
0.73,-1.1552639221316927
0.735,-1.306794039624041
0.74,-1.0784566257264674
0.745,-1.2177371802000494
0.75,-1.2586513844689222
0.755,-1.5616802804341523
0.76,-1.1636665935672872
0.765,-1.0764990643820398
0.77,-1.2840707895590113
0.775,-1.0854051360132835
0.78,-1.0527131296199503
0.785,-0.9758965356733749
0.79,-0.8578902270449111
0.795,-1.0063283776927059
0.8,-1.0570181743443894
0.805,-0.9934928738240443
0.81,-1.0809368042190033
0.8150000000000001,-1.1273886127226966
0.8200000000000001,-0.9632173870355495
0.8250000000000001,-0.8072164462570692
0.8300000000000001,-0.867009969266915
0.835,-0.5592295871152145
0.84,-0.9634936200585476
0.845,-0.8779436616721081
0.85,-0.8521302421484466
0.855,-0.8617624382451581
0.86,-0.794878620292697
0.865,-0.8131830233195216
0.87,-0.7569651407911793
0.875,-0.7140540477798009
0.88,-0.6291430424379061
0.885,-0.7238176686644296
0.89,-0.6912375359317278
0.895,-0.4518440536803027
0.9,-0.6722027490769353
0.905,-0.5348082139835111
0.91,-0.5252940869696697
0.915,-0.5661070734325274
0.92,-0.40964975242343926
0.925,-0.5220578364107856
0.93,-0.41969276020270363
0.935,-0.42808413049373617
0.9400000000000001,-0.26330265458226937
0.9450000000000001,-0.29218200576698594
0.9500000000000001,-0.29836468547122735
0.9550000000000001,-0.2475266062595817
0.96,-0.24026415314970223
0.965,-0.24889730219266212
0.97,-0.1857980821769088
0.975,-0.16387430805322986
0.98,-0.12468901351041581
0.985,-0.11129150857059808
0.99,-0.07558216630359482
0.995,-0.029073988595676094
1.0,0.0
