0.0,0.0
0.005,-0.026162612076320726
0.01,-0.06483084150744309
0.015,-0.08117545437335912
0.02,-0.09038929130498369
0.025,-0.14949675895488695
0.03,-0.15341082631259068
0.035,-0.18384848833901263
0.04,-0.16843255777418553
0.045,-0.26927301097414447
0.05,-0.2536814230468082
0.055,-0.26626168906046493
0.06,-0.26925880391503804
0.065,-0.26671700591355796
0.07,-0.28175719844453917
0.075,-0.2528105044684313
0.08,-0.3257885798604709
0.085,-0.3736615168996744
0.09,-0.3628898530031749
0.095,-0.4496658380656871
0.1,-0.4829665660357406
0.105,-0.49034026829825095
0.11,-0.482597063758727
0.115,-0.47057365234271753
0.12,-0.5141869593778882
0.125,-0.48732988395682175
0.13,-0.3799892983803884
0.135,-0.6305474718416707
0.14,-0.607490579662501
0.145,-0.7084896635039092
0.15,-0.7866405661430687
0.155,-0.7688574408600916
0.16,-0.7002329362184884
0.165,-0.6994157744904086
0.17,-0.6447224049031698
0.17500000000000002,-0.8852621345683841
0.18,-0.5794436930209591
0.185,-0.620242376358519
0.19,-0.854929358543778
0.195,-0.889253444697593
0.2,-0.8011810493081899
0.20500000000000002,-0.9138780446922942
0.21,-0.7152144778938473
0.215,-0.7832541086316956
0.22,-1.0137520407176688
0.225,-0.9352519689784103
0.23,-0.9453647996492721
0.23500000000000001,-0.7857974273436308
0.24,-0.8758138661689416
0.245,-0.7862643867036191
0.25,-1.0857676312297893
0.255,-0.8542397599386928
0.26,-0.9665732756314891
0.265,-1.1164091030243704
0.27,-1.3042278928481374
0.275,-0.9469890790621529
0.28,-1.076326381298162
0.28500000000000003,-1.052932198132072
0.29,-1.1160802463015804
0.295,-1.1735895673875993
0.3,-0.9987687331842383
0.305,-1.0315119051851063
0.31,-1.059780087489092
0.315,-0.9167835588598918
0.32,-1.002193834445596
0.325,-1.064410465160053
0.33,-1.04336438917147
0.335,-1.0134256722995167
0.34,-1.3774232813765555
0.34500000000000003,-1.0587590586721387
0.35000000000000003,-0.9327346990064604
0.355,-1.236502606839907
0.36,-1.0833457804290694
0.365,-1.0676802462346504
0.37,-1.246169536640983
0.375,-1.2251745331871549
0.38,-1.0287480471004768
0.385,-1.235774749441174
0.39,-1.425666081459675
0.395,-0.7863684505398163
0.4,-1.0329315674277348
0.405,-0.9842042083972945
0.41000000000000003,-1.1783035180623367
0.41500000000000004,-0.9737000724067526
0.42,-1.1196652011059545
0.425,-1.1717023918809666
0.43,-1.465097327594412
0.435,-1.2921796435245188
0.44,-1.3161457628184459
0.445,-1.1858629910653202
0.45,-1.3263374359484306
0.455,-1.6292596962184767
0.46,-1.2461422348383948
0.465,-1.3380727376480508
0.47000000000000003,-1.3964578081055343
0.47500000000000003,-1.254897375292195
0.48,-0.98876804128734
0.485,-0.9286688046749658
0.49,-1.136049755250301
0.495,-1.647895871429144
0.5,-1.0851111263496596
0.505,-1.1516255507368762
0.51,-1.1387604811675471
0.515,-1.0757336208977948
0.52,-1.0926402777361641
0.525,-1.0716339805109925
0.53,-1.2401160441822452
0.535,-1.234893099354162
0.54,-1.2572647312277134
0.545,-1.6966990002717937
0.55,-1.4502596698910988
0.555,-1.083509756801389
0.56,-1.168141132093034
0.5650000000000001,-1.2530053336939075
0.5700000000000001,-1.0561448775424986
0.5750000000000001,-0.9858350953200301
0.58,-1.1569085191279682
0.585,-1.0922075583084494
0.59,-1.1933761325016803
0.595,-1.0174203403697673
0.6,-1.5225106454779251
0.605,-1.3782943332646675
0.61,-1.161490467298696
0.615,-1.1599171974552998
0.62,-1.4043064188922971
0.625,-1.229090018529828
0.63,-0.9025494245176959
0.635,-1.022427211782668
0.64,-1.1702113719147174
0.645,-1.3013106389611844
0.65,-1.119139613416892
0.655,-1.137232084309285
0.66,-0.9712955800345059
0.665,-1.126415338719819
0.67,-1.0434494469954758
0.675,-1.0744260648873605
0.68,-1.206517493449301
0.685,-1.0820812825918078
0.6900000000000001,-1.252837970589519
0.6950000000000001,-1.0252610998149125
0.7000000000000001,-0.9419312184687323
0.705,-1.060968168846878
0.71,-1.121237921254669
0.715,-1.30465382395705
0.72,-1.1129046634608892
0.725,-1.213828673764898
0.73,-0.7657096630598051
0.735,-0.8280943411435758
0.74,-0.7520721387590863
0.745,-0.9831013762267456
0.75,-0.8548412642228129
0.755,-1.048902615747384
0.76,-0.8455147459727108
0.765,-0.9547728140512506
0.77,-0.8130426086449808
0.775,-0.9456490811338238
0.78,-0.5535320424072933
0.785,-0.6021732296245594
0.79,-0.6699751146215781
0.795,-0.8452133145121719
0.8,-0.7829769763628778
0.805,-0.9748032325951596
0.81,-0.7861543988266427
0.8150000000000001,-0.6668127188038889
0.8200000000000001,-0.6840045615155467
0.8250000000000001,-0.6554867003966702
0.8300000000000001,-0.7896991043931868
0.835,-0.5072353189864631
0.84,-0.685315701288539
0.845,-0.7270170023969015
0.85,-0.6717744476250538
0.855,-0.6263885796600827
0.86,-0.7141340216453218
0.865,-0.7283049081167251
0.87,-0.5692365420160352
0.875,-0.5195900775335246
0.88,-0.42496194854818137
0.885,-0.5731711213857456
0.89,-0.5752946034778014
0.895,-0.33593955315859464
0.9,-0.4432323421321273
0.905,-0.46922559744354825
0.91,-0.39697538417973527
0.915,-0.2928236476523994
0.92,-0.36759205443598425
0.925,-0.33713296991408476
0.93,-0.3937398351832436
0.935,-0.2999254598679106
0.9400000000000001,-0.19703578349996886
0.9450000000000001,-0.20681903622816983
0.9500000000000001,-0.16952294964566883
0.9550000000000001,-0.20195056813567058
0.96,-0.19111267818796226
0.965,-0.20248358499930813
0.97,-0.1385201552114031
0.975,-0.13747845257053484
0.98,-0.10223739666627096
0.985,-0.08272699234595128
0.99,-0.06004496947536728
0.995,-0.026578978707274985
1.0,0.0
