0.0,0.0
0.005,-0.019143307677289032
0.01,-0.0550518141001363
0.015,-0.05933210141287504
0.02,-0.0466001866984543
0.025,-0.08089144448038635
0.03,-0.08700590903177101
0.035,-0.15572181084285674
0.04,-0.11395592774580542
0.045,-0.18689540856378953
0.05,-0.19606766797171563
0.055,-0.22597247866344708
0.06,-0.21175069272609268
0.065,-0.17440391558673743
0.07,-0.18383882904272522
0.075,-0.198796321864612
0.08,-0.2539055620328533
0.085,-0.25787052689988876
0.09,-0.28485923595992624
0.095,-0.32470738141275185
0.1,-0.423243408002396
0.105,-0.39819143320075046
0.11,-0.341826210339835
0.115,-0.3945408920227547
0.12,-0.38221225004004744
0.125,-0.37121061339953654
0.13,-0.2606769292707115
0.135,-0.409737190265057
0.14,-0.5424484734818255
0.145,-0.48599227693109004
0.15,-0.6819746991798612
0.155,-0.6615650598755625
0.16,-0.4250011020207029
0.165,-0.4222428088242658
0.17,-0.386821266806687
0.17500000000000002,-0.628195746646981
0.18,-0.4849052458796969
0.185,-0.42280554065708364
0.19,-0.6909847569229022
0.195,-0.6385416348602961
0.2,-0.4971002233603553
0.20500000000000002,-0.770216012783906
0.21,-0.4619242687661035
0.215,-0.44926045343869114
0.22,-0.8856102800252958
0.225,-0.6178846042604488
0.23,-0.7838440420890626
0.23500000000000001,-0.5203014749013094
0.24,-0.7041639586264677
0.245,-0.580301927227684
0.25,-0.7427922492703416
0.255,-0.5797780945448314
0.26,-0.6156404556759152
0.265,-0.7881375886685926
0.27,-0.9804837819438241
0.275,-0.7803758065707432
0.28,-0.666556246348061
0.28500000000000003,-0.7403928869516018
0.29,-0.7111943257680513
0.295,-0.8961566608165925
0.3,-0.6155585945922848
0.305,-0.6493683850722218
0.31,-0.7035436043569654
0.315,-0.8357043428469386
0.32,-0.6725069921865392
0.325,-0.8590610170191658
0.33,-0.7611629444625954
0.335,-0.8470579902244476
0.34,-1.0873512451599059
0.34500000000000003,-0.5570542651180056
0.35000000000000003,-0.8041914778241837
0.355,-0.7712073878927725
0.36,-0.770509710286135
0.365,-0.9528629810583455
0.37,-0.701000663337956
0.375,-0.9699626591035664
0.38,-0.5594597440139009
0.385,-1.0118637057959698
0.39,-0.7453444378153107
0.395,-0.7027401925724995
0.4,-0.6480512385145987
0.405,-0.7496860951176962
0.41000000000000003,-0.7845388918753283
0.41500000000000004,-0.5628383726871393
0.42,-0.8526618121621772
0.425,-0.7625086746808227
0.43,-0.8576988743421716
0.435,-1.1508311397062394
0.44,-0.8407829910905845
0.445,-0.7142920031613316
0.45,-0.9384825955157197
0.455,-1.1064919110250577
0.46,-0.8840916347472885
0.465,-0.9447313202818075
0.47000000000000003,-1.010130193037603
0.47500000000000003,-0.8519000207335209
0.48,-0.6816334391337976
0.485,-0.5485907875534953
0.49,-1.0461975966304808
0.495,-1.2286722884869479
0.5,-0.8984453371572022
0.505,-0.5854805089288112
0.51,-0.732292729087989
0.515,-0.7687216556976236
0.52,-0.8011426196265955
0.525,-0.634315911467339
0.53,-1.0294778023720383
0.535,-0.719685572633802
0.54,-0.9735349788741254
0.545,-1.153421697342514
0.55,-1.1199032354541951
0.555,-0.701825820878773
0.56,-0.8815081022978939
0.5650000000000001,-0.9074597613411718
0.5700000000000001,-0.878844755491947
0.5750000000000001,-0.816721443132353
0.58,-0.7917761938722706
0.585,-0.9707704773777458
0.59,-0.9859680032294594
0.595,-0.8233891755671727
0.6,-1.07782573935594
0.605,-1.1033710792174096
0.61,-0.6391872541893977
0.615,-0.8447644656911115
0.62,-1.129627188650747
0.625,-0.6684699442161645
0.63,-0.6563037785702823
0.635,-0.6728453152289934
0.64,-0.6524171322298178
0.645,-1.0765353973249225
0.65,-0.8434523362694542
0.655,-0.8011110206711
0.66,-0.7715981635843471
0.665,-0.9325745948313022
0.67,-0.572596698853365
0.675,-0.6277089554030485
0.68,-0.6654754673737253
0.685,-0.8248393651704407
0.6900000000000001,-0.7968290701447268
0.6950000000000001,-0.6758706234307414
0.7000000000000001,-0.7401415619670033
0.705,-0.5654784492042001
0.71,-0.7597343093605509
0.715,-1.0286300095110024
0.72,-0.9610039990762043
0.725,-0.7130951520801156
0.73,-0.3841342605275877
0.735,-0.6955256928372127
0.74,-0.3301281252768799
0.745,-0.47318160797770664
0.75,-0.596838925664906
0.755,-0.7877394296189497
0.76,-0.5268770239677218
0.765,-0.5672213970915095
0.77,-0.6164306162414435
0.775,-0.5860515672682393
0.78,-0.3579777657173398
0.785,-0.4126968932467911
0.79,-0.5014730070228844
0.795,-0.6726432915170583
0.8,-0.5769071943076378
0.805,-0.7124592322110765
0.81,-0.5724686215734072
0.8150000000000001,-0.5831308396343784
0.8200000000000001,-0.5815015189149838
0.8250000000000001,-0.5387520290279351
0.8300000000000001,-0.44193589750007345
0.835,-0.2859122307599236
0.84,-0.46764348718922527
0.845,-0.5339386477670033
0.85,-0.4945403617428836
0.855,-0.44513834090550464
0.86,-0.4717137876668877
0.865,-0.4825719113700802
0.87,-0.3663978249715388
0.875,-0.41343297705952253
0.88,-0.31291938566180816
0.885,-0.3124026176005145
0.89,-0.41662450258984746
0.895,-0.2702915668573986
0.9,-0.3253872440175257
0.905,-0.374484287870747
0.91,-0.27492077818669863
0.915,-0.22578975038816537
0.92,-0.2789490075126426
0.925,-0.2846935759166271
0.93,-0.26241721786961636
0.935,-0.2504692530869332
0.9400000000000001,-0.12511558093597788
0.9450000000000001,-0.15961023288220433
0.9500000000000001,-0.1312831983259173
0.9550000000000001,-0.1492830150374574
0.96,-0.11480856899603953
0.965,-0.1403574204211026
0.97,-0.1137026828595821
0.975,-0.10253963399017807
0.98,-0.0638782936870967
0.985,-0.06681171468581186
0.99,-0.048437590867780364
0.995,-0.023056290868097
1.0,0.0
