0.0,0.0
0.005,-0.014303117898342856
0.01,-0.03767470858776754
0.015,-0.03260427616888054
0.02,-0.03471560331389623
0.025,-0.061730329252532634
0.03,-0.054492173471273296
0.035,-0.0929697927909509
0.04,-0.0740319235888903
0.045,-0.10225011061944914
0.05,-0.14424578821882406
0.055,-0.10657640198826046
0.06,-0.07558092393398574
0.065,-0.07548924638824564
0.07,-0.02408004497965692
0.075,-0.16608256439941782
0.08,-0.12498742861608132
0.085,-0.19837583741113227
0.09,-0.12726036892520273
0.095,-0.17067316526520998
0.1,-0.36794647134382225
0.105,-0.2577880258168092
0.11,-0.1555024162208881
0.115,-0.31883282367908844
0.12,-0.26206440998186
0.125,-0.2640475080027779
0.13,-0.10402759382393734
0.135,-0.2454937588806183
0.14,-0.21498766872532105
0.145,-0.31719964322318583
0.15,-0.3796276384427577
0.155,-0.45415863235163934
0.16,-0.18839420747416422
0.165,-0.31022751760138284
0.17,-0.145973674098051
0.17500000000000002,-0.29214405607296956
0.18,-0.1854791421483598
0.185,-0.0777894776147407
0.19,-0.3747642717670012
0.195,-0.4270005928193331
0.2,-0.30936677091881454
0.20500000000000002,-0.2557702482426171
0.21,-0.2897484259183414
0.215,-0.2944126338356052
0.22,-0.5234257186847787
0.225,-0.3777473549263917
0.23,-0.3061294956639819
0.23500000000000001,-0.3612956380343374
0.24,-0.309362819860119
0.245,-0.25086343005204204
0.25,-0.356188233370976
0.255,-0.48598916255352315
0.26,-0.3624497139646627
0.265,-0.44807400092634836
0.27,-0.5021428317756697
0.275,-0.5430318423544346
0.28,-0.47076734178051455
0.28500000000000003,-0.5096101487536719
0.29,-0.4541501946706075
0.295,-0.4975870733830811
0.3,-0.3677114359201357
0.305,-0.36119300497885765
0.31,-0.4593630655687313
0.315,-0.5559978077545299
0.32,-0.3332037831105047
0.325,-0.30114595224175944
0.33,-0.5406102711636028
0.335,-0.2848113987368759
0.34,-0.7908806895560114
0.34500000000000003,-0.2537869407176
0.35000000000000003,-0.3896571886490577
0.355,-0.38159456014896165
0.36,-0.2092938687490486
0.365,-0.6950300461289997
0.37,-0.47388026882583245
0.375,-0.5718201096287502
0.38,-0.3141558643170315
0.385,-0.921836358536357
0.39,-0.6743236987350433
0.395,-0.44219363996570954
0.4,-0.4524364856391834
0.405,-0.3271196115136057
0.41000000000000003,-0.6766665365218262
0.41500000000000004,-0.4534461237846598
0.42,-0.4192473898171998
0.425,-0.5870845348910378
0.43,-0.6384361936797127
0.435,-0.7053816811375914
0.44,-0.13195169224248374
0.445,-0.2553228344575093
0.45,-0.4691874866341048
0.455,-0.9547172866757055
0.46,-0.6744618703805874
0.465,-0.7056323159653713
0.47000000000000003,-0.8541173013911844
0.47500000000000003,-0.30754279413442814
0.48,-0.4539776733554807
0.485,-0.32346223187569484
0.49,-0.592942410053415
0.495,-0.7540447503751634
0.5,-0.47918745725542655
0.505,-0.4387105660534551
0.51,-0.6856087541795821
0.515,-0.5030557470208393
0.52,-0.4672259784166808
0.525,-0.4619813287233786
0.53,-0.5215802733809317
0.535,-0.5133403347028026
0.54,-0.7311409394843232
0.545,-0.6765311132060056
0.55,-0.4643931377481874
0.555,-0.39752255898229083
0.56,-0.5994039232341267
0.5650000000000001,-0.6724660028690679
0.5700000000000001,-0.6624468443311313
0.5750000000000001,-0.424209875687814
0.58,-0.5288453482180075
0.585,-0.41275333664214187
0.59,-0.6559395767028887
0.595,-0.4866406113617457
0.6,-0.4514846185457487
0.605,-0.6094225001469679
0.61,-0.2604617730300532
0.615,-0.33012672331473636
0.62,-0.49652217015746053
0.625,-0.4317475312923977
0.63,-0.49326224999161467
0.635,-0.4675772843228507
0.64,-0.49847320037024034
0.645,-0.5932853476798567
0.65,-0.44374497127154394
0.655,-0.7294274355565686
0.66,-0.2573430109267754
0.665,-0.8166285533343448
0.67,-0.5182801074479062
0.675,-0.43825959805314335
0.68,-0.4225965261774984
0.685,-0.3572592093326491
0.6900000000000001,-0.5543281307222845
0.6950000000000001,-0.30620773210147195
0.7000000000000001,-0.25646100857994714
0.705,-0.24274404366227098
0.71,-0.45812707388160534
0.715,-0.6915397602169623
0.72,-0.6883004384233492
0.725,-0.5226318716984247
0.73,-0.3437034060506134
0.735,-0.5726109097247926
0.74,-0.1839860000027498
0.745,-0.35905491967323394
0.75,-0.4131338056451563
0.755,-0.32140534629660655
0.76,-0.422455607349881
0.765,-0.3464430724414476
0.77,-0.2647759594125124
0.775,-0.32025423147149285
0.78,-0.16726566085056435
0.785,-0.2740208303563328
0.79,-0.24457068826380035
0.795,-0.337162772480055
0.8,-0.4900312416765885
0.805,-0.40936397687778703
0.81,-0.4801007804469681
0.8150000000000001,-0.42062553078145065
0.8200000000000001,-0.4233127389125443
0.8250000000000001,0.013109493054254335
0.8300000000000001,-0.38002183702035697
0.835,-0.15255010763388668
0.84,-0.2671888317791651
0.845,-0.43494388590694166
0.85,-0.22387139782384793
0.855,-0.2636891030886955
0.86,-0.4202321559553089
0.865,-0.27619708566987433
0.87,-0.2037165769317289
0.875,-0.16849864189169642
0.88,-0.2758120935740139
0.885,-0.210983283503069
0.89,-0.31773104003576663
0.895,-0.18458303255907757
0.9,-0.17198295533654737
0.905,-0.2630733163247533
0.91,-0.17783240279397455
0.915,-0.16904574210055895
0.92,-0.19401911967616767
0.925,-0.16173281836510778
0.93,-0.16932106732882987
0.935,-0.14909852510175464
0.9400000000000001,-0.09740801672234321
0.9450000000000001,-0.08952393240911667
0.9500000000000001,-0.03514953125338213
0.9550000000000001,-0.09999406509946306
0.96,-0.04332179579607808
0.965,-0.11180383257825242
0.97,-0.05642537145412809
0.975,-0.0700686818294245
0.98,-0.03433125648206809
0.985,-0.026189176233454958
0.99,-0.0273695732098611
0.995,-0.011053369817684445
1.0,0.0
