0.0,0.0
0.005,-0.006100904772821071
0.01,-0.020040590625563705
0.015,-0.014771066455906525
0.02,-0.02313111377996335
0.025,-0.004160425546988617
0.03,-0.021110917020888693
0.035,-0.0030814434513402648
0.04,-0.009611844350493717
0.045,-0.054481367812338304
0.05,-0.09777924165810614
0.055,-0.06037454770702387
0.06,-0.009528242715972454
0.065,0.01984140859768288
0.07,0.03308905901097299
0.075,-0.02363480148565628
0.08,-0.03212084346010969
0.085,-0.03509729681627439
0.09,0.02388375585848756
0.095,-0.07607323755044151
0.1,-0.22978037172089927
0.105,-0.0374753041935447
0.11,-0.060253411362343995
0.115,-0.18642423802356756
0.12,0.008567094283959173
0.125,0.025143795549197046
0.13,-0.00016939233469581138
0.135,-0.11680161223501975
0.14,-0.007617825992739612
0.145,-0.23724730566068492
0.15,-0.1940803734780082
0.155,-0.10071073070208221
0.16,-0.013154428194654217
0.165,-0.13161236482241728
0.17,-0.04019248157402382
0.17500000000000002,-0.025545622105787
0.18,-0.0058659816890036616
0.185,0.04335177784401855
0.19,-0.22939824733000908
0.195,-0.02880091416126606
0.2,-0.18988275041864533
0.20500000000000002,-0.04370201560292179
0.21,-0.02385669376870963
0.215,-0.17730156025614502
0.22,-0.35832336681767923
0.225,0.04427183166163975
0.23,-0.18131239189239423
0.23500000000000001,-0.023166644698441492
0.24,-0.03241997658696327
0.245,-0.10314458471740755
0.25,0.13253843097438212
0.255,-0.2063777145810537
0.26,-0.13906225014290716
0.265,0.027625047221292644
0.27,-0.2751017213695648
0.275,-0.3696926953117448
0.28,-0.23670305546133255
0.28500000000000003,-0.1856214173097318
0.29,0.05995416344580479
0.295,-0.1951720596630379
0.3,-0.13667526147886735
0.305,0.09675637774682752
0.31,0.07079754255391339
0.315,-0.07178266441450033
0.32,-0.09421277098141896
0.325,-0.07256991279644082
0.33,-0.19990252743181816
0.335,-0.10557462092728175
0.34,-0.2911617074115066
0.34500000000000003,0.09526916672804799
0.35000000000000003,-0.051253754242015746
0.355,-0.21116368855478454
0.36,0.10292666850751629
0.365,-0.3201965599331315
0.37,-0.3284606897572057
0.375,-0.24009289613424778
0.38,0.015427375161835623
0.385,-0.5723264904304892
0.39,0.002143350910705297
0.395,-0.20599221247225413
0.4,-0.1462078769275437
0.405,-0.09494703710087116
0.41000000000000003,-0.45964260555724246
0.41500000000000004,-0.24152648369464835
0.42,-0.09948625060171415
0.425,-0.046435445185928736
0.43,-0.46587327288799724
0.435,-0.474965090135706
0.44,0.10909788090240011
0.445,0.05266765194123573
0.45,-0.09383372889833878
0.455,-0.48938332518584443
0.46,-0.4344033596476833
0.465,-0.4764428638737395
0.47000000000000003,-0.25178000661357075
0.47500000000000003,0.11329466300465352
0.48,-0.19715008093430675
0.485,0.06999678605079278
0.49,0.020701077768367313
0.495,-0.22814696024830147
0.5,-0.15795190617778476
0.505,-0.17219057164242255
0.51,-0.37375208405783006
0.515,-0.0603446366549232
0.52,-0.22067220074537439
0.525,-0.11333375908195349
0.53,-0.14679066070192545
0.535,0.03933901131952729
0.54,-0.26393620980596744
0.545,-0.4944516574562198
0.55,-0.24235234972991734
0.555,-0.16820625557784036
0.56,-0.24326147337387982
0.5650000000000001,-0.3259610155193766
0.5700000000000001,-0.3021075036583719
0.5750000000000001,-0.20774064752382934
0.58,-0.17675658425510626
0.585,-0.18532307358933717
0.59,-0.014316134071197797
0.595,0.11500725889052058
0.6,0.04863788035967798
0.605,-0.31196064860408623
0.61,0.14703565761025514
0.615,-0.09970224843369434
0.62,-0.14890395429777106
0.625,-0.2649284800418629
0.63,0.06346456501711427
0.635,-0.05615612569457297
0.64,-0.18183435446568283
0.645,-0.5148199188075459
0.65,-0.1130516788656555
0.655,-0.432838623884539
0.66,0.07924018798183982
0.665,-0.446337388374237
0.67,-0.3045412731507203
0.675,-0.15354260629131875
0.68,-0.19057146525857963
0.685,-0.12238021501400549
0.6900000000000001,-0.2617155970072699
0.6950000000000001,-0.1436342434982557
0.7000000000000001,-0.1622791632496134
0.705,-0.06462726058717042
0.71,-0.19547860988975174
0.715,-0.3010113657164184
0.72,-0.3883701024719722
0.725,0.07834296096180238
0.73,-0.07740304897965827
0.735,-0.2976640279237169
0.74,0.1357012911502043
0.745,0.049895404201576385
0.75,-0.17217367083146312
0.755,-0.009076940726547397
0.76,-0.13925218354560961
0.765,0.06340033000765621
0.77,0.031552971158604184
0.775,-0.1482501854275564
0.78,-0.01121551212576774
0.785,0.04417351045801899
0.79,-0.031300044119447826
0.795,-0.12479888100177566
0.8,-0.10982829021298506
0.805,-0.2218044588453252
0.81,-0.171478511933276
0.8150000000000001,-0.1343549267575982
0.8200000000000001,-0.20567514296616343
0.8250000000000001,0.17833439327265163
0.8300000000000001,-0.3298598118145087
0.835,0.07845865069121437
0.84,-0.10125705119062879
0.845,-0.15934167295213
0.85,-0.032232146297664924
0.855,-0.11373252199432374
0.86,-0.07853958660223496
0.865,-0.06115819460128916
0.87,-0.13307447492110333
0.875,-0.05760767150232802
0.88,-0.09368736385186019
0.885,-0.025254191318478603
0.89,-0.10441520198603171
0.895,-0.010960917448773118
0.9,-0.09656709474666744
0.905,-0.0897885530339596
0.91,-0.06754763911535501
0.915,-0.06307029567479716
0.92,-0.127131529074722
0.925,-0.0737563633614961
0.93,-0.10322580628635158
0.935,-0.054112493266883235
0.9400000000000001,-0.03280939470578288
0.9450000000000001,-0.0454826107300283
0.9500000000000001,0.01358693652892962
0.9550000000000001,-0.011226341065940993
0.96,-0.016998413654838913
0.965,-0.07849783415065711
0.97,-0.009011106129129191
0.975,-0.039582860269939
0.98,0.008372306271301724
0.985,0.000980931273413152
0.99,-0.00793523791224209
0.995,-0.00047168258073578044
1.0,0.0
